k^2          	 v.grad a (gk) 	 dJdpsi (gk)	 v.grad a (trap) 	 analytic
9.9902439e-01	1.3074049e+00	1.3075187e+00	1.3906559e+00	1.2555680e+00
9.9804878e-01	1.4829805e+00	1.4831378e+00	1.5501126e+00	1.4296325e+00
9.9707317e-01	1.5950275e+00	1.5952172e+00	1.7126201e+00	1.5407952e+00
9.9609756e-01	1.6786050e+00	1.6788079e+00	1.7632608e+00	1.6237662e+00
9.9512195e-01	1.7456213e+00	1.7458322e+00	1.8076780e+00	1.6903188e+00
9.9414634e-01	1.8016659e+00	1.8018854e+00	1.8482826e+00	1.7459879e+00
9.9317073e-01	1.8498447e+00	1.8500754e+00	1.8868648e+00	1.7938526e+00
9.9219512e-01	1.8920758e+00	1.8923203e+00	1.9254119e+00	1.8358159e+00
9.9121951e-01	1.9296330e+00	1.9298930e+00	1.9680460e+00	1.8731423e+00
9.9024390e-01	1.9634087e+00	1.9636834e+00	2.0439785e+00	1.9067180e+00
9.8926829e-01	1.9940536e+00	1.9943384e+00	2.0624143e+00	1.9371900e+00
9.8829268e-01	2.0220611e+00	2.0223520e+00	2.0798885e+00	1.9650463e+00
9.8731707e-01	2.0478131e+00	2.0481083e+00	2.0965744e+00	1.9906644e+00
9.8634146e-01	2.0716116e+00	2.0719103e+00	2.1126264e+00	2.0143434e+00
9.8536585e-01	2.0936996e+00	2.0940019e+00	2.1281911e+00	2.0363241e+00
9.8439024e-01	2.1142760e+00	2.1145824e+00	2.1434202e+00	2.0568035e+00
9.8341463e-01	2.1335054e+00	2.1338170e+00	2.1584874e+00	2.0759454e+00
9.8243902e-01	2.1515263e+00	2.1518441e+00	2.1736196e+00	2.0938871e+00
9.8146341e-01	2.1684559e+00	2.1687810e+00	2.1891621e+00	2.1107452e+00
9.8048780e-01	2.1843947e+00	2.1847279e+00	2.2057581e+00	2.1266194e+00
9.7951220e-01	2.1994293e+00	2.1997711e+00	2.2250451e+00	2.1415960e+00
9.7853659e-01	2.2136352e+00	2.2139853e+00	2.2582835e+00	2.1557500e+00
9.7756098e-01	2.2270782e+00	2.2274350e+00	2.2765157e+00	2.1691469e+00
9.7658537e-01	2.2398168e+00	2.2401783e+00	2.2839752e+00	2.1818446e+00
9.7560976e-01	2.2519027e+00	2.2522677e+00	2.2912102e+00	2.1938944e+00
9.7463415e-01	2.2633821e+00	2.2637497e+00	2.2982468e+00	2.2053419e+00
9.7365854e-01	2.2742962e+00	2.2746659e+00	2.3051110e+00	2.2162280e+00
9.7268293e-01	2.2846820e+00	2.2850536e+00	2.3118294e+00	2.2265893e+00
9.7170732e-01	2.2945729e+00	2.2949465e+00	2.3184302e+00	2.2364590e+00
9.7073171e-01	2.3039991e+00	2.3043748e+00	2.3249448e+00	2.2458670e+00
9.6975610e-01	2.3129880e+00	2.3133662e+00	2.3314094e+00	2.2548405e+00
9.6878049e-01	2.3215645e+00	2.3219458e+00	2.3378683e+00	2.2634044e+00
9.6780488e-01	2.3297515e+00	2.3301364e+00	2.3443790e+00	2.2715814e+00
9.6682927e-01	2.3375700e+00	2.3379589e+00	2.3510216e+00	2.2793923e+00
9.6585366e-01	2.3450391e+00	2.3454326e+00	2.3579173e+00	2.2868563e+00
9.6487805e-01	2.3521767e+00	2.3525752e+00	2.3652716e+00	2.2939909e+00
9.6390244e-01	2.3589990e+00	2.3594028e+00	2.3734932e+00	2.3008124e+00
9.6292683e-01	2.3655212e+00	2.3659305e+00	2.3836716e+00	2.3073360e+00
9.6195122e-01	2.3717575e+00	2.3721721e+00	2.4055475e+00	2.3135757e+00
9.6097561e-01	2.3777209e+00	2.3781399e+00	2.4114883e+00	2.3195444e+00
9.6000000e-01	2.3834237e+00	2.3838460e+00	2.4143275e+00	2.3252543e+00
9.5902439e-01	2.3888773e+00	2.3893022e+00	2.4170779e+00	2.3307166e+00
9.5804878e-01	2.3940924e+00	2.3945192e+00	2.4197466e+00	2.3359420e+00
9.5707317e-01	2.3990789e+00	2.3995073e+00	2.4223403e+00	2.3409403e+00
9.5609756e-01	2.4038462e+00	2.4042759e+00	2.4248663e+00	2.3457208e+00
9.5512195e-01	2.4084030e+00	2.4088338e+00	2.4273320e+00	2.3502922e+00
9.5414634e-01	2.4127577e+00	2.4131895e+00	2.4297456e+00	2.3546627e+00
9.5317073e-01	2.4169178e+00	2.4173508e+00	2.4321158e+00	2.3588400e+00
9.5219512e-01	2.4208909e+00	2.4213251e+00	2.4344526e+00	2.3628314e+00
9.5121951e-01	2.4246837e+00	2.4251194e+00	2.4367672e+00	2.3666438e+00
9.5024390e-01	2.4283027e+00	2.4287401e+00	2.4390733e+00	2.3702835e+00
9.4926829e-01	2.4317542e+00	2.4321936e+00	2.4413874e+00	2.3737569e+00
9.4829268e-01	2.4350440e+00	2.4354856e+00	2.4437306e+00	2.3770695e+00
9.4731707e-01	2.4381775e+00	2.4386218e+00	2.4461312e+00	2.3802271e+00
9.4634146e-01	2.4411602e+00	2.4416073e+00	2.4486285e+00	2.3832348e+00
9.4536585e-01	2.4439968e+00	2.4444472e+00	2.4512816e+00	2.3860976e+00
9.4439024e-01	2.4466923e+00	2.4471461e+00	2.4541863e+00	2.3888201e+00
9.4341463e-01	2.4492511e+00	2.4497085e+00	2.4575188e+00	2.3914070e+00
9.4243902e-01	2.4516776e+00	2.4521387e+00	2.4616747e+00	2.3938624e+00
9.4146341e-01	2.4539758e+00	2.4544405e+00	2.4680537e+00	2.3961906e+00
9.4048780e-01	2.4561497e+00	2.4566178e+00	2.4787038e+00	2.3983952e+00
9.3951220e-01	2.4582031e+00	2.4586739e+00	2.4791081e+00	2.4004802e+00
9.3853659e-01	2.4601395e+00	2.4606125e+00	2.4794653e+00	2.4024489e+00
9.3756098e-01	2.4619625e+00	2.4624372e+00	2.4797776e+00	2.4043050e+00
9.3658537e-01	2.4636752e+00	2.4641513e+00	2.4800474e+00	2.4060515e+00
9.3560976e-01	2.4652809e+00	2.4657580e+00	2.4802771e+00	2.4076916e+00
9.3463415e-01	2.4667825e+00	2.4672604e+00	2.4804689e+00	2.4092283e+00
9.3365854e-01	2.4681828e+00	2.4686615e+00	2.4806256e+00	2.4106645e+00
9.3268293e-01	2.4694848e+00	2.4699641e+00	2.4807497e+00	2.4120029e+00
9.3170732e-01	2.4706909e+00	2.4711708e+00	2.4808442e+00	2.4132461e+00
9.3073171e-01	2.4718038e+00	2.4722843e+00	2.4809121e+00	2.4143967e+00
9.2975610e-01	2.4728258e+00	2.4733071e+00	2.4809569e+00	2.4154571e+00
9.2878049e-01	2.4737595e+00	2.4742415e+00	2.4809823e+00	2.4164297e+00
9.2780488e-01	2.4746069e+00	2.4750898e+00	2.4809929e+00	2.4173167e+00
9.2682927e-01	2.4753703e+00	2.4758543e+00	2.4809937e+00	2.4181203e+00
9.2585366e-01	2.4760518e+00	2.4765371e+00	2.4809908e+00	2.4188426e+00
9.2487805e-01	2.4766535e+00	2.4771402e+00	2.4809918e+00	2.4194856e+00
9.2390244e-01	2.4771771e+00	2.4776655e+00	2.4810062e+00	2.4200512e+00
9.2292683e-01	2.4776248e+00	2.4781149e+00	2.4810463e+00	2.4205413e+00
9.2195122e-01	2.4779982e+00	2.4784903e+00	2.4811290e+00	2.4209578e+00
9.2097561e-01	2.4782991e+00	2.4787935e+00	2.4812784e+00	2.4213023e+00
9.2000000e-01	2.4785292e+00	2.4790259e+00	2.4815311e+00	2.4215766e+00
9.1902439e-01	2.4786902e+00	2.4791894e+00	2.4819477e+00	2.4217823e+00
9.1804878e-01	2.4787837e+00	2.4792855e+00	2.4826420e+00	2.4219210e+00
9.1707317e-01	2.4788111e+00	2.4793155e+00	2.4838801e+00	2.4219942e+00
9.1609756e-01	2.4787741e+00	2.4792810e+00	2.4867316e+00	2.4220033e+00
9.1512195e-01	2.4786740e+00	2.4791832e+00	2.4908093e+00	2.4219498e+00
9.1414634e-01	2.4785123e+00	2.4790234e+00	2.4897622e+00	2.4218352e+00
9.1317073e-01	2.4782904e+00	2.4788029e+00	2.4886861e+00	2.4216606e+00
9.1219512e-01	2.4780094e+00	2.4785232e+00	2.4875818e+00	2.4214275e+00
9.1121951e-01	2.4776708e+00	2.4781856e+00	2.4864502e+00	2.4211371e+00
9.1024390e-01	2.4772757e+00	2.4777912e+00	2.4852922e+00	2.4207906e+00
9.0926829e-01	2.4768253e+00	2.4773415e+00	2.4841087e+00	2.4203892e+00
9.0829268e-01	2.4763208e+00	2.4768374e+00	2.4829005e+00	2.4199340e+00
9.0731707e-01	2.4757633e+00	2.4762803e+00	2.4816685e+00	2.4194262e+00
9.0634146e-01	2.4751539e+00	2.4756712e+00	2.4804138e+00	2.4188668e+00
9.0536585e-01	2.4744935e+00	2.4750111e+00	2.4791374e+00	2.4182569e+00
9.0439024e-01	2.4737834e+00	2.4743013e+00	2.4778403e+00	2.4175975e+00
9.0341463e-01	2.4730243e+00	2.4735425e+00	2.4765236e+00	2.4168897e+00
9.0243902e-01	2.4722174e+00	2.4727360e+00	2.4751887e+00	2.4161343e+00
9.0146341e-01	2.4713635e+00	2.4718826e+00	2.4738369e+00	2.4153323e+00
9.0048780e-01	2.4704636e+00	2.4709832e+00	2.4724697e+00	2.4144847e+00
8.9951220e-01	2.4695186e+00	2.4700388e+00	2.4710889e+00	2.4135923e+00
8.9853659e-01	2.4685293e+00	2.4690502e+00	2.4696964e+00	2.4126559e+00
8.9756098e-01	2.4674966e+00	2.4680183e+00	2.4682947e+00	2.4116765e+00
8.9658537e-01	2.4664212e+00	2.4669439e+00	2.4668866e+00	2.4106549e+00
8.9560976e-01	2.4653041e+00	2.4658279e+00	2.4654756e+00	2.4095918e+00
8.9463415e-01	2.4641459e+00	2.4646709e+00	2.4640662e+00	2.4084880e+00
8.9365854e-01	2.4629475e+00	2.4634739e+00	2.4626642e+00	2.4073443e+00
8.9268293e-01	2.4617095e+00	2.4622374e+00	2.4612777e+00	2.4061614e+00
8.9170732e-01	2.4604327e+00	2.4609622e+00	2.4599182e+00	2.4049400e+00
8.9073171e-01	2.4591179e+00	2.4596491e+00	2.4586031e+00	2.4036809e+00
8.8975610e-01	2.4577657e+00	2.4582986e+00	2.4573615e+00	2.4023848e+00
8.8878049e-01	2.4563767e+00	2.4569115e+00	2.4562484e+00	2.4010522e+00
8.8780488e-01	2.4549517e+00	2.4554883e+00	2.4553931e+00	2.3996839e+00
8.8682927e-01	2.4534913e+00	2.4540296e+00	2.4553369e+00	2.3982804e+00
8.8585366e-01	2.4519962e+00	2.4525360e+00	2.4556825e+00	2.3968425e+00
8.8487805e-01	2.4504669e+00	2.4510081e+00	2.4537497e+00	2.3953707e+00
8.8390244e-01	2.4489042e+00	2.4494464e+00	2.4517963e+00	2.3938656e+00
8.8292683e-01	2.4473084e+00	2.4478515e+00	2.4498227e+00	2.3923278e+00
8.8195122e-01	2.4456803e+00	2.4462241e+00	2.4478292e+00	2.3907578e+00
8.8097561e-01	2.4440204e+00	2.4445646e+00	2.4458160e+00	2.3891563e+00
8.8000000e-01	2.4423291e+00	2.4428738e+00	2.4437835e+00	2.3875237e+00
8.7902439e-01	2.4406072e+00	2.4411521e+00	2.4417319e+00	2.3858606e+00
8.7804878e-01	2.4388549e+00	2.4394001e+00	2.4396616e+00	2.3841674e+00
8.7707317e-01	2.4370729e+00	2.4376182e+00	2.4375727e+00	2.3824448e+00
8.7609756e-01	2.4352617e+00	2.4358071e+00	2.4354656e+00	2.3806931e+00
8.7512195e-01	2.4334218e+00	2.4339672e+00	2.4333405e+00	2.3789130e+00
8.7414634e-01	2.4315535e+00	2.4320990e+00	2.4311977e+00	2.3771047e+00
8.7317073e-01	2.4296574e+00	2.4302030e+00	2.4290375e+00	2.3752689e+00
8.7219512e-01	2.4277339e+00	2.4282796e+00	2.4268601e+00	2.3734060e+00
8.7121951e-01	2.4257835e+00	2.4263293e+00	2.4246659e+00	2.3715163e+00
8.7024390e-01	2.4238066e+00	2.4243526e+00	2.4224550e+00	2.3696004e+00
8.6926829e-01	2.4218036e+00	2.4223498e+00	2.4202279e+00	2.3676587e+00
8.6829268e-01	2.4197750e+00	2.4203215e+00	2.4179848e+00	2.3656915e+00
8.6731707e-01	2.4177211e+00	2.4182680e+00	2.4157259e+00	2.3636993e+00
8.6634146e-01	2.4156423e+00	2.4161897e+00	2.4134518e+00	2.3616825e+00
8.6536585e-01	2.4135391e+00	2.4140870e+00	2.4111626e+00	2.3596415e+00
8.6439024e-01	2.4114119e+00	2.4119604e+00	2.4088589e+00	2.3575766e+00
8.6341463e-01	2.4092609e+00	2.4098102e+00	2.4065411e+00	2.3554883e+00
8.6243902e-01	2.4070866e+00	2.4076367e+00	2.4042098e+00	2.3533769e+00
8.6146341e-01	2.4048893e+00	2.4054403e+00	2.4018655e+00	2.3512427e+00
8.6048780e-01	2.4026695e+00	2.4032214e+00	2.3995093e+00	2.3490862e+00
8.5951220e-01	2.4004273e+00	2.4009804e+00	2.3971423e+00	2.3469077e+00
8.5853659e-01	2.3981633e+00	2.3987174e+00	2.3947660e+00	2.3447074e+00
8.5756098e-01	2.3958777e+00	2.3964330e+00	2.3923830e+00	2.3424858e+00
8.5658537e-01	2.3935708e+00	2.3941274e+00	2.3899975e+00	2.3402431e+00
8.5560976e-01	2.3912430e+00	2.3918008e+00	2.3876178e+00	2.3379798e+00
8.5463415e-01	2.3888946e+00	2.3894537e+00	2.3852652e+00	2.3356961e+00
8.5365854e-01	2.3865260e+00	2.3870862e+00	2.3830695e+00	2.3333922e+00
8.5268293e-01	2.3841374e+00	2.3846987e+00	2.3807694e+00	2.3310686e+00
8.5170732e-01	2.3817292e+00	2.3822913e+00	2.3782807e+00	2.3287255e+00
8.5073171e-01	2.3793016e+00	2.3798644e+00	2.3757761e+00	2.3263633e+00
8.4975610e-01	2.3768550e+00	2.3774183e+00	2.3732557e+00	2.3239821e+00
8.4878049e-01	2.3743896e+00	2.3749534e+00	2.3707195e+00	2.3215823e+00
8.4780488e-01	2.3719057e+00	2.3724698e+00	2.3681676e+00	2.3191641e+00
8.4682927e-01	2.3694036e+00	2.3699678e+00	2.3656000e+00	2.3167279e+00
8.4585366e-01	2.3668835e+00	2.3674479e+00	2.3630167e+00	2.3142739e+00
8.4487805e-01	2.3643458e+00	2.3649102e+00	2.3604178e+00	2.3118024e+00
8.4390244e-01	2.3617905e+00	2.3623550e+00	2.3578033e+00	2.3093136e+00
8.4292683e-01	2.3592181e+00	2.3597825e+00	2.3551731e+00	2.3068077e+00
8.4195122e-01	2.3566288e+00	2.3571931e+00	2.3525272e+00	2.3042851e+00
8.4097561e-01	2.3540228e+00	2.3545870e+00	2.3498655e+00	2.3017459e+00
8.4000000e-01	2.3514003e+00	2.3519644e+00	2.3471880e+00	2.2991905e+00
8.3902439e-01	2.3487616e+00	2.3493256e+00	2.3444945e+00	2.2966190e+00
8.3804878e-01	2.3461069e+00	2.3466709e+00	2.3417850e+00	2.2940317e+00
8.3707317e-01	2.3434365e+00	2.3440004e+00	2.3390592e+00	2.2914287e+00
8.3609756e-01	2.3407505e+00	2.3413144e+00	2.3363170e+00	2.2888105e+00
8.3512195e-01	2.3380492e+00	2.3386131e+00	2.3335581e+00	2.2861770e+00
8.3414634e-01	2.3353328e+00	2.3358968e+00	2.3307821e+00	2.2835287e+00
8.3317073e-01	2.3326016e+00	2.3331656e+00	2.3279888e+00	2.2808656e+00
8.3219512e-01	2.3298556e+00	2.3304198e+00	2.3251776e+00	2.2781881e+00
8.3121951e-01	2.3270952e+00	2.3276597e+00	2.3223479e+00	2.2754962e+00
8.3024390e-01	2.3243206e+00	2.3248853e+00	2.3194991e+00	2.2727902e+00
8.2926829e-01	2.3215319e+00	2.3220969e+00	2.3166303e+00	2.2700704e+00
8.2829268e-01	2.3187294e+00	2.3192947e+00	2.3137404e+00	2.2673369e+00
8.2731707e-01	2.3159131e+00	2.3164790e+00	2.3108281e+00	2.2645899e+00
8.2634146e-01	2.3130835e+00	2.3136498e+00	2.3078915e+00	2.2618295e+00
8.2536585e-01	2.3102405e+00	2.3108074e+00	2.3049284e+00	2.2590561e+00
8.2439024e-01	2.3073845e+00	2.3079520e+00	2.3019356e+00	2.2562697e+00
8.2341463e-01	2.3045155e+00	2.3050837e+00	2.2989088e+00	2.2534706e+00
8.2243902e-01	2.3016338e+00	2.3022028e+00	2.2958419e+00	2.2506589e+00
8.2146341e-01	2.2987396e+00	2.2993093e+00	2.2927251e+00	2.2478348e+00
8.2048780e-01	2.2958330e+00	2.2964035e+00	2.2895427e+00	2.2449985e+00
8.1951220e-01	2.2929142e+00	2.2934855e+00	2.2862651e+00	2.2421501e+00
8.1853659e-01	2.2899834e+00	2.2905556e+00	2.2828234e+00	2.2392899e+00
8.1756098e-01	2.2870408e+00	2.2876137e+00	2.2789453e+00	2.2364180e+00
8.1658537e-01	2.2840865e+00	2.2846601e+00	2.2748116e+00	2.2335345e+00
8.1560976e-01	2.2811207e+00	2.2816948e+00	2.2719894e+00	2.2306396e+00
8.1463415e-01	2.2781436e+00	2.2787182e+00	2.2691544e+00	2.2277335e+00
8.1365854e-01	2.2751553e+00	2.2757302e+00	2.2663064e+00	2.2248164e+00
8.1268293e-01	2.2721560e+00	2.2727311e+00	2.2634454e+00	2.2218883e+00
8.1170732e-01	2.2691458e+00	2.2697211e+00	2.2605713e+00	2.2189495e+00
8.1073171e-01	2.2661249e+00	2.2667003e+00	2.2576840e+00	2.2160000e+00
8.0975610e-01	2.2630935e+00	2.2636688e+00	2.2547835e+00	2.2130401e+00
8.0878049e-01	2.2600516e+00	2.2606268e+00	2.2518696e+00	2.2100699e+00
8.0780488e-01	2.2569994e+00	2.2575746e+00	2.2489423e+00	2.2070895e+00
8.0682927e-01	2.2539371e+00	2.2545121e+00	2.2460014e+00	2.2040991e+00
8.0585366e-01	2.2508647e+00	2.2514396e+00	2.2430467e+00	2.2010988e+00
8.0487805e-01	2.2477826e+00	2.2483572e+00	2.2400781e+00	2.1980888e+00
8.0390244e-01	2.2446906e+00	2.2452651e+00	2.2370953e+00	2.1950691e+00
8.0292683e-01	2.2415891e+00	2.2421633e+00	2.2340982e+00	2.1920400e+00
8.0195122e-01	2.2384781e+00	2.2390521e+00	2.2310864e+00	2.1890015e+00
8.0097561e-01	2.2353578e+00	2.2359315e+00	2.2280597e+00	2.1859537e+00
8.0000000e-01	2.2322283e+00	2.2328018e+00	2.2250176e+00	2.1828969e+00
7.9902439e-01	2.2290897e+00	2.2296630e+00	2.2219599e+00	2.1798312e+00
7.9804878e-01	2.2259421e+00	2.2265152e+00	2.2188860e+00	2.1767565e+00
7.9707317e-01	2.2227857e+00	2.2233587e+00	2.2157954e+00	2.1736732e+00
7.9609756e-01	2.2196206e+00	2.2201934e+00	2.2126875e+00	2.1705813e+00
7.9512195e-01	2.2164469e+00	2.2170196e+00	2.2095616e+00	2.1674809e+00
7.9414634e-01	2.2132647e+00	2.2138374e+00	2.2064168e+00	2.1643722e+00
7.9317073e-01	2.2100742e+00	2.2106468e+00	2.2032522e+00	2.1612552e+00
7.9219512e-01	2.2068754e+00	2.2074481e+00	2.2000666e+00	2.1581301e+00
7.9121951e-01	2.2036685e+00	2.2042412e+00	2.1968586e+00	2.1549970e+00
7.9024390e-01	2.2004536e+00	2.2010264e+00	2.1936265e+00	2.1518560e+00
7.8926829e-01	2.1972308e+00	2.1978038e+00	2.1903683e+00	2.1487072e+00
7.8829268e-01	2.1940002e+00	2.1945734e+00	2.1870814e+00	2.1455508e+00
7.8731707e-01	2.1907619e+00	2.1913353e+00	2.1837625e+00	2.1423867e+00
7.8634146e-01	2.1875160e+00	2.1880898e+00	2.1804075e+00	2.1392153e+00
7.8536585e-01	2.1842627e+00	2.1848367e+00	2.1770110e+00	2.1360364e+00
7.8439024e-01	2.1810020e+00	2.1815764e+00	2.1735653e+00	2.1328504e+00
7.8341463e-01	2.1777341e+00	2.1783089e+00	2.1700599e+00	2.1296571e+00
7.8243902e-01	2.1744590e+00	2.1750342e+00	2.1664790e+00	2.1264569e+00
7.8146341e-01	2.1711768e+00	2.1717525e+00	2.1627974e+00	2.1232496e+00
7.8048780e-01	2.1678877e+00	2.1684638e+00	2.1589706e+00	2.1200356e+00
7.7951220e-01	2.1645918e+00	2.1651684e+00	2.1549054e+00	2.1168148e+00
7.7853659e-01	2.1612891e+00	2.1618661e+00	2.1503268e+00	2.1135873e+00
7.7756098e-01	2.1579797e+00	2.1585572e+00	2.1437362e+00	2.1103533e+00
7.7658537e-01	2.1546638e+00	2.1552416e+00	2.1407271e+00	2.1071128e+00
7.7560976e-01	2.1513415e+00	2.1519195e+00	2.1377071e+00	2.1038660e+00
7.7463415e-01	2.1480128e+00	2.1485910e+00	2.1346761e+00	2.1006129e+00
7.7365854e-01	2.1446779e+00	2.1452561e+00	2.1316339e+00	2.0973536e+00
7.7268293e-01	2.1413368e+00	2.1419150e+00	2.1285804e+00	2.0940882e+00
7.7170732e-01	2.1379896e+00	2.1385677e+00	2.1255156e+00	2.0908167e+00
7.7073171e-01	2.1346364e+00	2.1352144e+00	2.1224393e+00	2.0875394e+00
7.6975610e-01	2.1312773e+00	2.1318552e+00	2.1193514e+00	2.0842562e+00
7.6878049e-01	2.1279123e+00	2.1284900e+00	2.1162516e+00	2.0809673e+00
7.6780488e-01	2.1245416e+00	2.1251191e+00	2.1131399e+00	2.0776728e+00
7.6682927e-01	2.1211653e+00	2.1217425e+00	2.1100159e+00	2.0743726e+00
7.6585366e-01	2.1177834e+00	2.1183603e+00	2.1068795e+00	2.0710669e+00
7.6487805e-01	2.1143959e+00	2.1149726e+00	2.1037305e+00	2.0677559e+00
7.6390244e-01	2.1110031e+00	2.1115794e+00	2.1005685e+00	2.0644395e+00
7.6292683e-01	2.1076049e+00	2.1081809e+00	2.0973933e+00	2.0611178e+00
7.6195122e-01	2.1042014e+00	2.1047772e+00	2.0942045e+00	2.0577910e+00
7.6097561e-01	2.1007928e+00	2.1013682e+00	2.0910018e+00	2.0544590e+00
7.6000000e-01	2.0973790e+00	2.0979541e+00	2.0877847e+00	2.0511220e+00
7.5902439e-01	2.0939603e+00	2.0945350e+00	2.0845528e+00	2.0477801e+00
7.5804878e-01	2.0905365e+00	2.0911110e+00	2.0813056e+00	2.0444334e+00
7.5707317e-01	2.0871079e+00	2.0876821e+00	2.0780424e+00	2.0410818e+00
7.5609756e-01	2.0836745e+00	2.0842484e+00	2.0747625e+00	2.0377255e+00
7.5512195e-01	2.0802363e+00	2.0808100e+00	2.0714653e+00	2.0343645e+00
7.5414634e-01	2.0767935e+00	2.0773669e+00	2.0681498e+00	2.0309990e+00
7.5317073e-01	2.0733460e+00	2.0739193e+00	2.0648150e+00	2.0276289e+00
7.5219512e-01	2.0698941e+00	2.0704672e+00	2.0614598e+00	2.0242544e+00
7.5121951e-01	2.0664377e+00	2.0670106e+00	2.0580827e+00	2.0208756e+00
7.5024390e-01	2.0629769e+00	2.0635497e+00	2.0546822e+00	2.0174924e+00
7.4926829e-01	2.0595118e+00	2.0600845e+00	2.0512564e+00	2.0141051e+00
7.4829268e-01	2.0560424e+00	2.0566151e+00	2.0478028e+00	2.0107135e+00
7.4731707e-01	2.0525689e+00	2.0531415e+00	2.0443188e+00	2.0073179e+00
7.4634146e-01	2.0490912e+00	2.0496639e+00	2.0408008e+00	2.0039182e+00
7.4536585e-01	2.0456095e+00	2.0461822e+00	2.0372444e+00	2.0005145e+00
7.4439024e-01	2.0421238e+00	2.0426966e+00	2.0336442e+00	1.9971070e+00
7.4341463e-01	2.0386342e+00	2.0392071e+00	2.0299926e+00	1.9936956e+00
7.4243902e-01	2.0351407e+00	2.0357137e+00	2.0262798e+00	1.9902804e+00
7.4146341e-01	2.0316435e+00	2.0322166e+00	2.0224919e+00	1.9868616e+00
7.4048780e-01	2.0281425e+00	2.0287158e+00	2.0186082e+00	1.9834390e+00
7.3951220e-01	2.0246378e+00	2.0252113e+00	2.0145962e+00	1.9800129e+00
7.3853659e-01	2.0211295e+00	2.0217032e+00	2.0103996e+00	1.9765832e+00
7.3756098e-01	2.0176177e+00	2.0181916e+00	2.0059042e+00	1.9731501e+00
7.3658537e-01	2.0141024e+00	2.0146765e+00	2.0007958e+00	1.9697136e+00
7.3560976e-01	2.0105837e+00	2.0111579e+00	1.9923784e+00	1.9662737e+00
7.3463415e-01	2.0070616e+00	2.0076359e+00	1.9892802e+00	1.9628305e+00
7.3365854e-01	2.0035363e+00	2.0041106e+00	1.9861725e+00	1.9593840e+00
7.3268293e-01	2.0000077e+00	2.0005820e+00	1.9830552e+00	1.9559344e+00
7.3170732e-01	1.9964759e+00	1.9970502e+00	1.9799282e+00	1.9524817e+00
7.3073171e-01	1.9929410e+00	1.9935151e+00	1.9767913e+00	1.9490258e+00
7.2975610e-01	1.9894031e+00	1.9899770e+00	1.9736444e+00	1.9455670e+00
7.2878049e-01	1.9858621e+00	1.9864358e+00	1.9704873e+00	1.9421052e+00
7.2780488e-01	1.9823181e+00	1.9828916e+00	1.9673199e+00	1.9386405e+00
7.2682927e-01	1.9787712e+00	1.9793445e+00	1.9641420e+00	1.9351729e+00
7.2585366e-01	1.9752215e+00	1.9757944e+00	1.9609533e+00	1.9317026e+00
7.2487805e-01	1.9716690e+00	1.9722416e+00	1.9577537e+00	1.9282295e+00
7.2390244e-01	1.9681137e+00	1.9686859e+00	1.9545430e+00	1.9247536e+00
7.2292683e-01	1.9645557e+00	1.9651276e+00	1.9513207e+00	1.9212752e+00
7.2195122e-01	1.9609950e+00	1.9615666e+00	1.9480868e+00	1.9177941e+00
7.2097561e-01	1.9574318e+00	1.9580029e+00	1.9448408e+00	1.9143105e+00
7.2000000e-01	1.9538660e+00	1.9544367e+00	1.9415825e+00	1.9108244e+00
7.1902439e-01	1.9502976e+00	1.9508680e+00	1.9383114e+00	1.9073359e+00
7.1804878e-01	1.9467268e+00	1.9472968e+00	1.9350271e+00	1.9038449e+00
7.1707317e-01	1.9431537e+00	1.9437232e+00	1.9317292e+00	1.9003516e+00
7.1609756e-01	1.9395781e+00	1.9401473e+00	1.9284172e+00	1.8968560e+00
7.1512195e-01	1.9360002e+00	1.9365690e+00	1.9250905e+00	1.8933581e+00
7.1414634e-01	1.9324201e+00	1.9329885e+00	1.9217485e+00	1.8898581e+00
7.1317073e-01	1.9288377e+00	1.9294057e+00	1.9183904e+00	1.8863558e+00
7.1219512e-01	1.9252532e+00	1.9258208e+00	1.9150156e+00	1.8828515e+00
7.1121951e-01	1.9216665e+00	1.9222338e+00	1.9116230e+00	1.8793451e+00
7.1024390e-01	1.9180777e+00	1.9186447e+00	1.9082117e+00	1.8758366e+00
7.0926829e-01	1.9144869e+00	1.9150536e+00	1.9047805e+00	1.8723262e+00
7.0829268e-01	1.9108941e+00	1.9114605e+00	1.9013279e+00	1.8688138e+00
7.0731707e-01	1.9072993e+00	1.9078654e+00	1.8978526e+00	1.8652995e+00
7.0634146e-01	1.9037026e+00	1.9042685e+00	1.8943526e+00	1.8617834e+00
7.0536585e-01	1.9001041e+00	1.9006697e+00	1.8908257e+00	1.8582655e+00
7.0439024e-01	1.8965037e+00	1.8970691e+00	1.8872694e+00	1.8547458e+00
7.0341463e-01	1.8929016e+00	1.8934668e+00	1.8836806e+00	1.8512244e+00
7.0243902e-01	1.8892977e+00	1.8898627e+00	1.8800553e+00	1.8477013e+00
7.0146341e-01	1.8856921e+00	1.8862570e+00	1.8763888e+00	1.8441765e+00
7.0048780e-01	1.8820849e+00	1.8826496e+00	1.8726751e+00	1.8406502e+00
6.9951220e-01	1.8784760e+00	1.8790406e+00	1.8689063e+00	1.8371223e+00
6.9853659e-01	1.8748656e+00	1.8754301e+00	1.8650720e+00	1.8335929e+00
6.9756098e-01	1.8712537e+00	1.8718181e+00	1.8611578e+00	1.8300620e+00
6.9658537e-01	1.8676402e+00	1.8682045e+00	1.8571429e+00	1.8265296e+00
6.9560976e-01	1.8640253e+00	1.8645896e+00	1.8529958e+00	1.8229959e+00
6.9463415e-01	1.8604090e+00	1.8609732e+00	1.8486646e+00	1.8194608e+00
6.9365854e-01	1.8567913e+00	1.8573555e+00	1.8440522e+00	1.8159244e+00
6.9268293e-01	1.8531723e+00	1.8537364e+00	1.8389343e+00	1.8123867e+00
6.9170732e-01	1.8495520e+00	1.8501160e+00	1.8324291e+00	1.8088477e+00
6.9073171e-01	1.8459304e+00	1.8464944e+00	1.8249991e+00	1.8053075e+00
6.8975610e-01	1.8423077e+00	1.8428715e+00	1.8218787e+00	1.8017662e+00
6.8878049e-01	1.8386837e+00	1.8392473e+00	1.8187499e+00	1.7982237e+00
6.8780488e-01	1.8350587e+00	1.8356221e+00	1.8156125e+00	1.7946801e+00
6.8682927e-01	1.8314325e+00	1.8319956e+00	1.8124662e+00	1.7911355e+00
6.8585366e-01	1.8278053e+00	1.8283681e+00	1.8093111e+00	1.7875898e+00
6.8487805e-01	1.8241770e+00	1.8247395e+00	1.8061469e+00	1.7840431e+00
6.8390244e-01	1.8205477e+00	1.8211099e+00	1.8029734e+00	1.7804955e+00
6.8292683e-01	1.8169175e+00	1.8174793e+00	1.7997905e+00	1.7769469e+00
6.8195122e-01	1.8132864e+00	1.8138478e+00	1.7965980e+00	1.7733975e+00
6.8097561e-01	1.8096543e+00	1.8102154e+00	1.7933955e+00	1.7698472e+00
6.8000000e-01	1.8060214e+00	1.8065820e+00	1.7901830e+00	1.7662961e+00
6.7902439e-01	1.8023877e+00	1.8029479e+00	1.7869602e+00	1.7627442e+00
6.7804878e-01	1.7987532e+00	1.7993129e+00	1.7837267e+00	1.7591915e+00
6.7707317e-01	1.7951179e+00	1.7956771e+00	1.7804822e+00	1.7556381e+00
6.7609756e-01	1.7914818e+00	1.7920406e+00	1.7772266e+00	1.7520840e+00
6.7512195e-01	1.7878451e+00	1.7884035e+00	1.7739593e+00	1.7485293e+00
6.7414634e-01	1.7842078e+00	1.7847656e+00	1.7706801e+00	1.7449740e+00
6.7317073e-01	1.7805697e+00	1.7811271e+00	1.7673884e+00	1.7414180e+00
6.7219512e-01	1.7769311e+00	1.7774880e+00	1.7640839e+00	1.7378615e+00
6.7121951e-01	1.7732920e+00	1.7738484e+00	1.7607660e+00	1.7343045e+00
6.7024390e-01	1.7696522e+00	1.7702082e+00	1.7574341e+00	1.7307469e+00
6.6926829e-01	1.7660120e+00	1.7665674e+00	1.7540877e+00	1.7271889e+00
6.6829268e-01	1.7623713e+00	1.7629263e+00	1.7507260e+00	1.7236305e+00
6.6731707e-01	1.7587302e+00	1.7592847e+00	1.7473483e+00	1.7200716e+00
6.6634146e-01	1.7550886e+00	1.7556426e+00	1.7439536e+00	1.7165124e+00
6.6536585e-01	1.7514466e+00	1.7520002e+00	1.7405411e+00	1.7129528e+00
6.6439024e-01	1.7478043e+00	1.7483575e+00	1.7371095e+00	1.7093929e+00
6.6341463e-01	1.7441617e+00	1.7447144e+00	1.7336576e+00	1.7058328e+00
6.6243902e-01	1.7405188e+00	1.7410711e+00	1.7301840e+00	1.7022723e+00
6.6146341e-01	1.7368756e+00	1.7374275e+00	1.7266870e+00	1.6987117e+00
6.6048780e-01	1.7332321e+00	1.7337836e+00	1.7231645e+00	1.6951508e+00
6.5951220e-01	1.7295885e+00	1.7301396e+00	1.7196142e+00	1.6915897e+00
6.5853659e-01	1.7259447e+00	1.7264954e+00	1.7160335e+00	1.6880285e+00
6.5756098e-01	1.7223007e+00	1.7228511e+00	1.7124189e+00	1.6844672e+00
6.5658537e-01	1.7186566e+00	1.7192066e+00	1.7087665e+00	1.6809058e+00
6.5560976e-01	1.7150124e+00	1.7155621e+00	1.7050711e+00	1.6773444e+00
6.5463415e-01	1.7113681e+00	1.7119175e+00	1.7013267e+00	1.6737829e+00
6.5365854e-01	1.7077238e+00	1.7082729e+00	1.6975249e+00	1.6702214e+00
6.5268293e-01	1.7040795e+00	1.7046283e+00	1.6936552e+00	1.6666599e+00
6.5170732e-01	1.7004352e+00	1.7009837e+00	1.6897032e+00	1.6630984e+00
6.5073171e-01	1.6967909e+00	1.6973391e+00	1.6856483e+00	1.6595370e+00
6.4975610e-01	1.6931467e+00	1.6936946e+00	1.6814600e+00	1.6559758e+00
6.4878049e-01	1.6895026e+00	1.6900503e+00	1.6770896e+00	1.6524146e+00
6.4780488e-01	1.6858586e+00	1.6864060e+00	1.6724507e+00	1.6488536e+00
6.4682927e-01	1.6822147e+00	1.6827619e+00	1.6673612e+00	1.6452928e+00
6.4585366e-01	1.6785711e+00	1.6791180e+00	1.6612726e+00	1.6417321e+00
6.4487805e-01	1.6749276e+00	1.6754742e+00	1.6516291e+00	1.6381717e+00
6.4390244e-01	1.6712844e+00	1.6718307e+00	1.6485484e+00	1.6346116e+00
6.4292683e-01	1.6676414e+00	1.6681874e+00	1.6454602e+00	1.6310517e+00
6.4195122e-01	1.6639987e+00	1.6645443e+00	1.6423642e+00	1.6274921e+00
6.4097561e-01	1.6603563e+00	1.6609015e+00	1.6392605e+00	1.6239328e+00
6.4000000e-01	1.6567142e+00	1.6572591e+00	1.6361488e+00	1.6203739e+00
6.3902439e-01	1.6530725e+00	1.6536169e+00	1.6330289e+00	1.6168153e+00
6.3804878e-01	1.6494311e+00	1.6499751e+00	1.6299007e+00	1.6132572e+00
6.3707317e-01	1.6457901e+00	1.6463337e+00	1.6267640e+00	1.6096994e+00
6.3609756e-01	1.6421496e+00	1.6426927e+00	1.6236186e+00	1.6061421e+00
6.3512195e-01	1.6385095e+00	1.6390522e+00	1.6204643e+00	1.6025853e+00
6.3414634e-01	1.6348698e+00	1.6354120e+00	1.6173008e+00	1.5990289e+00
6.3317073e-01	1.6312307e+00	1.6317724e+00	1.6141280e+00	1.5954731e+00
6.3219512e-01	1.6275920e+00	1.6281333e+00	1.6109454e+00	1.5919178e+00
6.3121951e-01	1.6239539e+00	1.6244946e+00	1.6077529e+00	1.5883630e+00
6.3024390e-01	1.6203164e+00	1.6208566e+00	1.6045501e+00	1.5848089e+00
6.2926829e-01	1.6166794e+00	1.6172191e+00	1.6013368e+00	1.5812553e+00
6.2829268e-01	1.6130430e+00	1.6135822e+00	1.5981124e+00	1.5777023e+00
6.2731707e-01	1.6094073e+00	1.6099459e+00	1.5948767e+00	1.5741500e+00
6.2634146e-01	1.6057722e+00	1.6063102e+00	1.5916292e+00	1.5705984e+00
6.2536585e-01	1.6021377e+00	1.6026753e+00	1.5883694e+00	1.5670474e+00
6.2439024e-01	1.5985040e+00	1.5990410e+00	1.5850968e+00	1.5634972e+00
6.2341463e-01	1.5948709e+00	1.5954074e+00	1.5818109e+00	1.5599476e+00
6.2243902e-01	1.5912386e+00	1.5917745e+00	1.5785109e+00	1.5563989e+00
6.2146341e-01	1.5876070e+00	1.5881424e+00	1.5751963e+00	1.5528509e+00
6.2048780e-01	1.5839762e+00	1.5845111e+00	1.5718662e+00	1.5493036e+00
6.1951220e-01	1.5803462e+00	1.5808805e+00	1.5685197e+00	1.5457572e+00
6.1853659e-01	1.5767170e+00	1.5772508e+00	1.5651559e+00	1.5422117e+00
6.1756098e-01	1.5730886e+00	1.5736219e+00	1.5617738e+00	1.5386669e+00
6.1658537e-01	1.5694611e+00	1.5699939e+00	1.5583719e+00	1.5351231e+00
6.1560976e-01	1.5658345e+00	1.5663667e+00	1.5549490e+00	1.5315801e+00
6.1463415e-01	1.5622087e+00	1.5627405e+00	1.5515033e+00	1.5280381e+00
6.1365854e-01	1.5585839e+00	1.5591152e+00	1.5480330e+00	1.5244970e+00
6.1268293e-01	1.5549600e+00	1.5554908e+00	1.5445358e+00	1.5209568e+00
6.1170732e-01	1.5513371e+00	1.5518673e+00	1.5410092e+00	1.5174176e+00
6.1073171e-01	1.5477151e+00	1.5482449e+00	1.5374501e+00	1.5138794e+00
6.0975610e-01	1.5440941e+00	1.5446234e+00	1.5338546e+00	1.5103422e+00
6.0878049e-01	1.5404741e+00	1.5410030e+00	1.5302183e+00	1.5068061e+00
6.0780488e-01	1.5368552e+00	1.5373836e+00	1.5265353e+00	1.5032710e+00
6.0682927e-01	1.5332373e+00	1.5337653e+00	1.5227987e+00	1.4997369e+00
6.0585366e-01	1.5296205e+00	1.5301480e+00	1.5189991e+00	1.4962039e+00
6.0487805e-01	1.5260048e+00	1.5265319e+00	1.5151243e+00	1.4926720e+00
6.0390244e-01	1.5223902e+00	1.5229168e+00	1.5111575e+00	1.4891413e+00
6.0292683e-01	1.5187767e+00	1.5193029e+00	1.5070747e+00	1.4856117e+00
6.0195122e-01	1.5151643e+00	1.5156901e+00	1.5028397e+00	1.4820832e+00
6.0097561e-01	1.5115531e+00	1.5120785e+00	1.4983941e+00	1.4785559e+00
6.0000000e-01	1.5079431e+00	1.5084681e+00	1.4936300e+00	1.4750298e+00
5.9902439e-01	1.5043343e+00	1.5048589e+00	1.4883095e+00	1.4715050e+00
5.9804878e-01	1.5007267e+00	1.5012509e+00	1.4816046e+00	1.4679813e+00
5.9707317e-01	1.4971204e+00	1.4976441e+00	1.4725511e+00	1.4644589e+00
5.9609756e-01	1.4935153e+00	1.4940385e+00	1.4695458e+00	1.4609377e+00
5.9512195e-01	1.4899115e+00	1.4904343e+00	1.4665336e+00	1.4574179e+00
5.9414634e-01	1.4863089e+00	1.4868313e+00	1.4635144e+00	1.4538993e+00
5.9317073e-01	1.4827077e+00	1.4832296e+00	1.4604880e+00	1.4503820e+00
5.9219512e-01	1.4791078e+00	1.4796292e+00	1.4574542e+00	1.4468661e+00
5.9121951e-01	1.4755092e+00	1.4760301e+00	1.4544130e+00	1.4433515e+00
5.9024390e-01	1.4719120e+00	1.4724324e+00	1.4513640e+00	1.4398382e+00
5.8926829e-01	1.4683162e+00	1.4688361e+00	1.4483072e+00	1.4363264e+00
5.8829268e-01	1.4647217e+00	1.4652411e+00	1.4452423e+00	1.4328159e+00
5.8731707e-01	1.4611287e+00	1.4616475e+00	1.4421690e+00	1.4293069e+00
5.8634146e-01	1.4575371e+00	1.4580553e+00	1.4390873e+00	1.4257992e+00
5.8536585e-01	1.4539469e+00	1.4544646e+00	1.4359967e+00	1.4222931e+00
5.8439024e-01	1.4503581e+00	1.4508753e+00	1.4328971e+00	1.4187883e+00
5.8341463e-01	1.4467708e+00	1.4472875e+00	1.4297881e+00	1.4152851e+00
5.8243902e-01	1.4431851e+00	1.4437011e+00	1.4266695e+00	1.4117833e+00
5.8146341e-01	1.4396008e+00	1.4401163e+00	1.4235408e+00	1.4082831e+00
5.8048780e-01	1.4360180e+00	1.4365329e+00	1.4204018e+00	1.4047843e+00
5.7951220e-01	1.4324367e+00	1.4329511e+00	1.4172521e+00	1.4012871e+00
5.7853659e-01	1.4288570e+00	1.4293709e+00	1.4140911e+00	1.3977915e+00
5.7756098e-01	1.4252789e+00	1.4257921e+00	1.4109185e+00	1.3942974e+00
5.7658537e-01	1.4217023e+00	1.4222150e+00	1.4077337e+00	1.3908049e+00
5.7560976e-01	1.4181274e+00	1.4186394e+00	1.4045362e+00	1.3873140e+00
5.7463415e-01	1.4145540e+00	1.4150655e+00	1.4013254e+00	1.3838247e+00
5.7365854e-01	1.4109822e+00	1.4114932e+00	1.3981006e+00	1.3803370e+00
5.7268293e-01	1.4074121e+00	1.4079225e+00	1.3948609e+00	1.3768510e+00
5.7170732e-01	1.4038437e+00	1.4043534e+00	1.3916057e+00	1.3733666e+00
5.7073171e-01	1.4002769e+00	1.4007860e+00	1.3883339e+00	1.3698839e+00
5.6975610e-01	1.3967118e+00	1.3972203e+00	1.3850444e+00	1.3664029e+00
5.6878049e-01	1.3931484e+00	1.3936563e+00	1.3817362e+00	1.3629236e+00
5.6780488e-01	1.3895867e+00	1.3900941e+00	1.3784079e+00	1.3594460e+00
5.6682927e-01	1.3860267e+00	1.3865335e+00	1.3750578e+00	1.3559701e+00
5.6585366e-01	1.3824684e+00	1.3829747e+00	1.3716842e+00	1.3524959e+00
5.6487805e-01	1.3789119e+00	1.3794176e+00	1.3682851e+00	1.3490235e+00
5.6390244e-01	1.3753572e+00	1.3758623e+00	1.3648581e+00	1.3455529e+00
5.6292683e-01	1.3718043e+00	1.3723088e+00	1.3614002e+00	1.3420840e+00
5.6195122e-01	1.3682531e+00	1.3687570e+00	1.3579080e+00	1.3386170e+00
5.6097561e-01	1.3647038e+00	1.3652071e+00	1.3543776e+00	1.3351517e+00
5.6000000e-01	1.3611563e+00	1.3616590e+00	1.3508038e+00	1.3316883e+00
5.5902439e-01	1.3576106e+00	1.3581128e+00	1.3471803e+00	1.3282267e+00
5.5804878e-01	1.3540668e+00	1.3545684e+00	1.3434991e+00	1.3247670e+00
5.5707317e-01	1.3505248e+00	1.3510258e+00	1.3397500e+00	1.3213091e+00
5.5609756e-01	1.3469847e+00	1.3474852e+00	1.3359190e+00	1.3178531e+00
5.5512195e-01	1.3434466e+00	1.3439464e+00	1.3319871e+00	1.3143990e+00
5.5414634e-01	1.3399103e+00	1.3404096e+00	1.3279267e+00	1.3109467e+00
5.5317073e-01	1.3363759e+00	1.3368746e+00	1.3236955e+00	1.3074964e+00
5.5219512e-01	1.3328435e+00	1.3333416e+00	1.3192228e+00	1.3040480e+00
5.5121951e-01	1.3293130e+00	1.3298106e+00	1.3143748e+00	1.3006016e+00
5.5024390e-01	1.3257844e+00	1.3262815e+00	1.3088315e+00	1.2971571e+00
5.4926829e-01	1.3222579e+00	1.3227543e+00	1.3011608e+00	1.2937145e+00
5.4829268e-01	1.3187333e+00	1.3192292e+00	1.2936124e+00	1.2902740e+00
5.4731707e-01	1.3152107e+00	1.3157060e+00	1.2907115e+00	1.2868354e+00
5.4634146e-01	1.3116901e+00	1.3121849e+00	1.2878043e+00	1.2833988e+00
5.4536585e-01	1.3081715e+00	1.3086658e+00	1.2848906e+00	1.2799643e+00
5.4439024e-01	1.3046550e+00	1.3051486e+00	1.2819703e+00	1.2765317e+00
5.4341463e-01	1.3011405e+00	1.3016336e+00	1.2790433e+00	1.2731012e+00
5.4243902e-01	1.2976281e+00	1.2981206e+00	1.2761092e+00	1.2696727e+00
5.4146341e-01	1.2941177e+00	1.2946096e+00	1.2731681e+00	1.2662463e+00
5.4048780e-01	1.2906094e+00	1.2911007e+00	1.2702195e+00	1.2628220e+00
5.3951220e-01	1.2871032e+00	1.2875940e+00	1.2672635e+00	1.2593998e+00
5.3853659e-01	1.2835991e+00	1.2840893e+00	1.2642996e+00	1.2559796e+00
5.3756098e-01	1.2800971e+00	1.2805867e+00	1.2613278e+00	1.2525616e+00
5.3658537e-01	1.2765972e+00	1.2770862e+00	1.2583476e+00	1.2491456e+00
5.3560976e-01	1.2730995e+00	1.2735879e+00	1.2553589e+00	1.2457318e+00
5.3463415e-01	1.2696039e+00	1.2700917e+00	1.2523614e+00	1.2423202e+00
5.3365854e-01	1.2661105e+00	1.2665977e+00	1.2493547e+00	1.2389107e+00
5.3268293e-01	1.2626192e+00	1.2631058e+00	1.2463385e+00	1.2355033e+00
5.3170732e-01	1.2591301e+00	1.2596162e+00	1.2433124e+00	1.2320981e+00
5.3073171e-01	1.2556433e+00	1.2561287e+00	1.2402761e+00	1.2286951e+00
5.2975610e-01	1.2521586e+00	1.2526434e+00	1.2372290e+00	1.2252943e+00
5.2878049e-01	1.2486761e+00	1.2491603e+00	1.2341708e+00	1.2218958e+00
5.2780488e-01	1.2451959e+00	1.2456794e+00	1.2311009e+00	1.2184994e+00
5.2682927e-01	1.2417179e+00	1.2422008e+00	1.2280187e+00	1.2151052e+00
5.2585366e-01	1.2382422e+00	1.2387245e+00	1.2249237e+00	1.2117133e+00
5.2487805e-01	1.2347687e+00	1.2352503e+00	1.2218151e+00	1.2083237e+00
5.2390244e-01	1.2312975e+00	1.2317785e+00	1.2186922e+00	1.2049363e+00
5.2292683e-01	1.2278285e+00	1.2283089e+00	1.2155542e+00	1.2015511e+00
5.2195122e-01	1.2243619e+00	1.2248416e+00	1.2124001e+00	1.1981683e+00
5.2097561e-01	1.2208976e+00	1.2213767e+00	1.2092288e+00	1.1947877e+00
5.2000000e-01	1.2174355e+00	1.2179140e+00	1.2060393e+00	1.1914095e+00
5.1902439e-01	1.2139758e+00	1.2144536e+00	1.2028300e+00	1.1880335e+00
5.1804878e-01	1.2105185e+00	1.2109956e+00	1.1995996e+00	1.1846599e+00
5.1707317e-01	1.2070635e+00	1.2075399e+00	1.1963462e+00	1.1812886e+00
5.1609756e-01	1.2036108e+00	1.2040866e+00	1.1930679e+00	1.1779197e+00
5.1512195e-01	1.2001605e+00	1.2006357e+00	1.1897621e+00	1.1745531e+00
5.1414634e-01	1.1967126e+00	1.1971871e+00	1.1864262e+00	1.1711889e+00
5.1317073e-01	1.1932671e+00	1.1937409e+00	1.1830568e+00	1.1678270e+00
5.1219512e-01	1.1898240e+00	1.1902971e+00	1.1796499e+00	1.1644675e+00
5.1121951e-01	1.1863833e+00	1.1868557e+00	1.1762006e+00	1.1611104e+00
5.1024390e-01	1.1829450e+00	1.1834167e+00	1.1727028e+00	1.1577557e+00
5.0926829e-01	1.1795091e+00	1.1799802e+00	1.1691488e+00	1.1544035e+00
5.0829268e-01	1.1760757e+00	1.1765461e+00	1.1655287e+00	1.1510536e+00
5.0731707e-01	1.1726448e+00	1.1731144e+00	1.1618294e+00	1.1477062e+00
5.0634146e-01	1.1692162e+00	1.1696852e+00	1.1580328e+00	1.1443612e+00
5.0536585e-01	1.1657902e+00	1.1662585e+00	1.1541133e+00	1.1410186e+00
5.0439024e-01	1.1623666e+00	1.1628342e+00	1.1500321e+00	1.1376786e+00
5.0341463e-01	1.1589456e+00	1.1594125e+00	1.1457260e+00	1.1343410e+00
5.0243902e-01	1.1555270e+00	1.1559932e+00	1.1410792e+00	1.1310058e+00
5.0146341e-01	1.1521109e+00	1.1525764e+00	1.1358342e+00	1.1276732e+00
5.0048780e-01	1.1486974e+00	1.1491622e+00	1.1290856e+00	1.1243430e+00
4.9951220e-01	1.1452863e+00	1.1457505e+00	1.1199496e+00	1.1210154e+00
4.9853659e-01	1.1418778e+00	1.1423413e+00	1.1171771e+00	1.1176902e+00
4.9756098e-01	1.1384719e+00	1.1389347e+00	1.1143987e+00	1.1143676e+00
4.9658537e-01	1.1350685e+00	1.1355306e+00	1.1116143e+00	1.1110475e+00
4.9560976e-01	1.1316676e+00	1.1321291e+00	1.1088238e+00	1.1077300e+00
4.9463415e-01	1.1282694e+00	1.1287302e+00	1.1060271e+00	1.1044150e+00
4.9365854e-01	1.1248737e+00	1.1253339e+00	1.1032238e+00	1.1011025e+00
4.9268293e-01	1.1214806e+00	1.1219401e+00	1.1004139e+00	1.0977927e+00
4.9170732e-01	1.1180900e+00	1.1185490e+00	1.0975972e+00	1.0944854e+00
4.9073171e-01	1.1147021e+00	1.1151604e+00	1.0947734e+00	1.0911807e+00
4.8975610e-01	1.1113168e+00	1.1117745e+00	1.0919423e+00	1.0878785e+00
4.8878049e-01	1.1079342e+00	1.1083912e+00	1.0891037e+00	1.0845790e+00
4.8780488e-01	1.1045541e+00	1.1050105e+00	1.0862573e+00	1.0812821e+00
4.8682927e-01	1.1011767e+00	1.1016324e+00	1.0834028e+00	1.0779878e+00
4.8585366e-01	1.0978019e+00	1.0982570e+00	1.0805400e+00	1.0746961e+00
4.8487805e-01	1.0944298e+00	1.0948843e+00	1.0776685e+00	1.0714071e+00
4.8390244e-01	1.0910604e+00	1.0915142e+00	1.0747881e+00	1.0681207e+00
4.8292683e-01	1.0876936e+00	1.0881468e+00	1.0718982e+00	1.0648370e+00
4.8195122e-01	1.0843295e+00	1.0847821e+00	1.0689987e+00	1.0615559e+00
4.8097561e-01	1.0809681e+00	1.0814200e+00	1.0660889e+00	1.0582775e+00
4.8000000e-01	1.0776094e+00	1.0780607e+00	1.0631685e+00	1.0550017e+00
4.7902439e-01	1.0742534e+00	1.0747040e+00	1.0602369e+00	1.0517287e+00
4.7804878e-01	1.0709001e+00	1.0713501e+00	1.0572937e+00	1.0484583e+00
4.7707317e-01	1.0675496e+00	1.0679989e+00	1.0543381e+00	1.0451906e+00
4.7609756e-01	1.0642018e+00	1.0646504e+00	1.0513695e+00	1.0419257e+00
4.7512195e-01	1.0608567e+00	1.0613046e+00	1.0483872e+00	1.0386634e+00
4.7414634e-01	1.0575144e+00	1.0579616e+00	1.0453904e+00	1.0354039e+00
4.7317073e-01	1.0541748e+00	1.0546213e+00	1.0423781e+00	1.0321471e+00
4.7219512e-01	1.0508380e+00	1.0512838e+00	1.0393494e+00	1.0288931e+00
4.7121951e-01	1.0475039e+00	1.0479491e+00	1.0363030e+00	1.0256418e+00
4.7024390e-01	1.0441727e+00	1.0446171e+00	1.0332376e+00	1.0223932e+00
4.6926829e-01	1.0408442e+00	1.0412879e+00	1.0301519e+00	1.0191474e+00
4.6829268e-01	1.0375186e+00	1.0379615e+00	1.0270440e+00	1.0159044e+00
4.6731707e-01	1.0341957e+00	1.0346380e+00	1.0239120e+00	1.0126641e+00
4.6634146e-01	1.0308757e+00	1.0313172e+00	1.0207536e+00	1.0094267e+00
4.6536585e-01	1.0275584e+00	1.0279992e+00	1.0175662e+00	1.0061920e+00
4.6439024e-01	1.0242440e+00	1.0246841e+00	1.0143465e+00	1.0029601e+00
4.6341463e-01	1.0209325e+00	1.0213717e+00	1.0110906e+00	9.9973106e-01
4.6243902e-01	1.0176238e+00	1.0180623e+00	1.0077939e+00	9.9650481e-01
4.6146341e-01	1.0143179e+00	1.0147556e+00	1.0044507e+00	9.9328138e-01
4.6048780e-01	1.0110149e+00	1.0114519e+00	1.0010537e+00	9.9006077e-01
4.5951220e-01	1.0077148e+00	1.0081509e+00	9.9759344e-01	9.8684300e-01
4.5853659e-01	1.0044176e+00	1.0048529e+00	9.9405780e-01	9.8362807e-01
4.5756098e-01	1.0011232e+00	1.0015577e+00	9.9043005e-01	9.8041599e-01
4.5658537e-01	9.9783172e-01	9.9826547e-01	9.8668662e-01	9.7720677e-01
4.5560976e-01	9.9454315e-01	9.9497609e-01	9.8279244e-01	9.7400041e-01
4.5463415e-01	9.9125748e-01	9.9168961e-01	9.7869151e-01	9.7079692e-01
4.5365854e-01	9.8797472e-01	9.8840605e-01	9.7428460e-01	9.6759631e-01
4.5268293e-01	9.8469489e-01	9.8512541e-01	9.6936301e-01	9.6439858e-01
4.5170732e-01	9.8141797e-01	9.8184770e-01	9.6329993e-01	9.6120374e-01
4.5073171e-01	9.7814399e-01	9.7857293e-01	9.5310060e-01	9.5801180e-01
4.4975610e-01	9.7487295e-01	9.7530111e-01	9.5047023e-01	9.5482277e-01
4.4878049e-01	9.7160485e-01	9.7203225e-01	9.4783450e-01	9.5163665e-01
4.4780488e-01	9.6833970e-01	9.6876636e-01	9.4519325e-01	9.4845344e-01
4.4682927e-01	9.6507750e-01	9.6550343e-01	9.4254629e-01	9.4527316e-01
4.4585366e-01	9.6181827e-01	9.6224348e-01	9.3989356e-01	9.4209582e-01
4.4487805e-01	9.5856201e-01	9.5898651e-01	9.3723477e-01	9.3892141e-01
4.4390244e-01	9.5530873e-01	9.5573253e-01	9.3456977e-01	9.3574994e-01
4.4292683e-01	9.5205843e-01	9.5248154e-01	9.3189836e-01	9.3258143e-01
4.4195122e-01	9.4881112e-01	9.4923355e-01	9.2922033e-01	9.2941587e-01
4.4097561e-01	9.4556680e-01	9.4598856e-01	9.2653544e-01	9.2625328e-01
4.4000000e-01	9.4232549e-01	9.4274658e-01	9.2384345e-01	9.2309366e-01
4.3902439e-01	9.3908720e-01	9.3950761e-01	9.2114412e-01	9.1993702e-01
4.3804878e-01	9.3585191e-01	9.3627166e-01	9.1843715e-01	9.1678336e-01
4.3707317e-01	9.3261966e-01	9.3303874e-01	9.1572227e-01	9.1363269e-01
4.3609756e-01	9.2939043e-01	9.2980884e-01	9.1299914e-01	9.1048502e-01
4.3512195e-01	9.2616424e-01	9.2658199e-01	9.1026743e-01	9.0734034e-01
4.3414634e-01	9.2294109e-01	9.2335818e-01	9.0752677e-01	9.0419868e-01
4.3317073e-01	9.1972100e-01	9.2013741e-01	9.0477676e-01	9.0106004e-01
4.3219512e-01	9.1650396e-01	9.1691970e-01	9.0201698e-01	8.9792441e-01
4.3121951e-01	9.1328998e-01	9.1370505e-01	8.9924694e-01	8.9479181e-01
4.3024390e-01	9.1007908e-01	9.1049346e-01	8.9646615e-01	8.9166225e-01
4.2926829e-01	9.0687125e-01	9.0728494e-01	8.9367403e-01	8.8853572e-01
4.2829268e-01	9.0366650e-01	9.0407950e-01	8.9086998e-01	8.8541224e-01
4.2731707e-01	9.0046485e-01	9.0087715e-01	8.8805333e-01	8.8229181e-01
4.2634146e-01	8.9726629e-01	8.9767788e-01	8.8522331e-01	8.7917444e-01
4.2536585e-01	8.9407084e-01	8.9448171e-01	8.8237911e-01	8.7606013e-01
4.2439024e-01	8.9087849e-01	8.9128863e-01	8.7951979e-01	8.7294889e-01
4.2341463e-01	8.8768926e-01	8.8809867e-01	8.7664428e-01	8.6984073e-01
4.2243902e-01	8.8450316e-01	8.8491181e-01	8.7375153e-01	8.6673565e-01
4.2146341e-01	8.8132018e-01	8.8172808e-01	8.7084009e-01	8.6363365e-01
4.2048780e-01	8.7814034e-01	8.7854747e-01	8.6790848e-01	8.6053475e-01
4.1951220e-01	8.7496364e-01	8.7536999e-01	8.6495498e-01	8.5743895e-01
4.1853659e-01	8.7179009e-01	8.7219564e-01	8.6197756e-01	8.5434625e-01
4.1756098e-01	8.6861969e-01	8.6902444e-01	8.5897389e-01	8.5125666e-01
4.1658537e-01	8.6545245e-01	8.6585639e-01	8.5594121e-01	8.4817019e-01
4.1560976e-01	8.6228838e-01	8.6269150e-01	8.5287618e-01	8.4508683e-01
4.1463415e-01	8.5912748e-01	8.5952976e-01	8.4977492e-01	8.4200661e-01
4.1365854e-01	8.5596976e-01	8.5637120e-01	8.4663260e-01	8.3892951e-01
4.1268293e-01	8.5281523e-01	8.5321580e-01	8.4344314e-01	8.3585556e-01
4.1170732e-01	8.4966389e-01	8.5006359e-01	8.4019899e-01	8.3278475e-01
4.1073171e-01	8.4651574e-01	8.4691457e-01	8.3689031e-01	8.2971709e-01
4.0975610e-01	8.4337079e-01	8.4376874e-01	8.3350426e-01	8.2665258e-01
4.0878049e-01	8.4022906e-01	8.4062611e-01	8.3002286e-01	8.2359123e-01
4.0780488e-01	8.3709054e-01	8.3748669e-01	8.2642069e-01	8.2053305e-01
4.0682927e-01	8.3395523e-01	8.3435048e-01	8.2265927e-01	8.1747804e-01
4.0585366e-01	8.3082315e-01	8.3121750e-01	8.1867571e-01	8.1442620e-01
4.0487805e-01	8.2769430e-01	8.2808775e-01	8.1435469e-01	8.1137755e-01
4.0390244e-01	8.2456869e-01	8.2496123e-01	8.0943789e-01	8.0833208e-01
4.0292683e-01	8.2144631e-01	8.2183796e-01	8.0300460e-01	8.0528980e-01
4.0195122e-01	8.1832718e-01	8.1871795e-01	7.9434465e-01	8.0225073e-01
4.0097561e-01	8.1521129e-01	8.1560121e-01	7.9186333e-01	7.9921485e-01
4.0000000e-01	8.1209865e-01	8.1248774e-01	7.8937694e-01	7.9618218e-01
3.9902439e-01	8.0898927e-01	8.0937755e-01	7.8688531e-01	7.9315273e-01
3.9804878e-01	8.0588315e-01	8.0627064e-01	7.8438827e-01	7.9012649e-01
3.9707317e-01	8.0278030e-01	8.0316702e-01	7.8188566e-01	7.8710348e-01
3.9609756e-01	7.9968071e-01	8.0006668e-01	7.7937726e-01	7.8408369e-01
3.9512195e-01	7.9658441e-01	7.9696963e-01	7.7686290e-01	7.8106714e-01
3.9414634e-01	7.9349139e-01	7.9387588e-01	7.7434236e-01	7.7805383e-01
3.9317073e-01	7.9040165e-01	7.9078543e-01	7.7181540e-01	7.7504376e-01
3.9219512e-01	7.8731521e-01	7.8769828e-01	7.6928179e-01	7.7203694e-01
3.9121951e-01	7.8423207e-01	7.8461443e-01	7.6674128e-01	7.6903337e-01
3.9024390e-01	7.8115223e-01	7.8153390e-01	7.6419359e-01	7.6603306e-01
3.8926829e-01	7.7807570e-01	7.7845667e-01	7.6163842e-01	7.6303601e-01
3.8829268e-01	7.7500249e-01	7.7538277e-01	7.5907546e-01	7.6004224e-01
3.8731707e-01	7.7193259e-01	7.7231218e-01	7.5650438e-01	7.5705173e-01
3.8634146e-01	7.6886602e-01	7.6924492e-01	7.5392481e-01	7.5406450e-01
3.8536585e-01	7.6580278e-01	7.6618099e-01	7.5133635e-01	7.5108056e-01
3.8439024e-01	7.6274287e-01	7.6312039e-01	7.4873858e-01	7.4809990e-01
3.8341463e-01	7.5968631e-01	7.6006313e-01	7.4613103e-01	7.4512254e-01
3.8243902e-01	7.5663309e-01	7.5700921e-01	7.4351319e-01	7.4214847e-01
3.8146341e-01	7.5358322e-01	7.5395863e-01	7.4088451e-01	7.3917770e-01
3.8048780e-01	7.5053671e-01	7.5091140e-01	7.3824437e-01	7.3621024e-01
3.7951220e-01	7.4749356e-01	7.4786753e-01	7.3559212e-01	7.3324609e-01
3.7853659e-01	7.4445378e-01	7.4482701e-01	7.3292697e-01	7.3028526e-01
3.7756098e-01	7.4141737e-01	7.4178986e-01	7.3024819e-01	7.2732775e-01
3.7658537e-01	7.3838434e-01	7.3875607e-01	7.2755477e-01	7.2437356e-01
3.7560976e-01	7.3535469e-01	7.3572565e-01	7.2484571e-01	7.2142270e-01
3.7463415e-01	7.3232843e-01	7.3269861e-01	7.2211984e-01	7.1847517e-01
3.7365854e-01	7.2930556e-01	7.2967494e-01	7.1937584e-01	7.1553099e-01
3.7268293e-01	7.2628609e-01	7.2665466e-01	7.1661220e-01	7.1259015e-01
3.7170732e-01	7.2327002e-01	7.2363777e-01	7.1382718e-01	7.0965265e-01
3.7073171e-01	7.2025737e-01	7.2062428e-01	7.1101879e-01	7.0671851e-01
3.6975610e-01	7.1724812e-01	7.1761418e-01	7.0818465e-01	7.0378772e-01
3.6878049e-01	7.1424230e-01	7.1460748e-01	7.0532201e-01	7.0086030e-01
3.6780488e-01	7.1123990e-01	7.1160420e-01	7.0242755e-01	6.9793624e-01
3.6682927e-01	7.0824093e-01	7.0860432e-01	6.9949727e-01	6.9501555e-01
3.6585366e-01	7.0524539e-01	7.0560787e-01	6.9652627e-01	6.9209823e-01
3.6487805e-01	7.0225329e-01	7.0261484e-01	6.9350847e-01	6.8918429e-01
3.6390244e-01	6.9926463e-01	6.9962524e-01	6.9043610e-01	6.8627374e-01
3.6292683e-01	6.9627942e-01	6.9663907e-01	6.8729912e-01	6.8336657e-01
3.6195122e-01	6.9329766e-01	6.9365635e-01	6.8408409e-01	6.8046279e-01
3.6097561e-01	6.9031936e-01	6.9067707e-01	6.8077245e-01	6.7756241e-01
3.6000000e-01	6.8734451e-01	6.8770124e-01	6.7733736e-01	6.7466543e-01
3.5902439e-01	6.8437314e-01	6.8472887e-01	6.7373766e-01	6.7177185e-01
3.5804878e-01	6.8140523e-01	6.8175997e-01	6.6990466e-01	6.6888168e-01
3.5707317e-01	6.7844080e-01	6.7879454e-01	6.6570823e-01	6.6599493e-01
3.5609756e-01	6.7547984e-01	6.7583259e-01	6.6083723e-01	6.6311159e-01
3.5512195e-01	6.7252236e-01	6.7287413e-01	6.5390912e-01	6.6023167e-01
3.5414634e-01	6.6956836e-01	6.6991918e-01	6.4698217e-01	6.5735518e-01
3.5317073e-01	6.6661784e-01	6.6696774e-01	6.4465482e-01	6.5448211e-01
3.5219512e-01	6.6367081e-01	6.6401982e-01	6.4232263e-01	6.5161248e-01
3.5121951e-01	6.6072728e-01	6.6107542e-01	6.3998541e-01	6.4874628e-01
3.5024390e-01	6.5778723e-01	6.5813454e-01	6.3764300e-01	6.4588353e-01
3.4926829e-01	6.5485069e-01	6.5519718e-01	6.3529520e-01	6.4302422e-01
3.4829268e-01	6.5191765e-01	6.5226335e-01	6.3294180e-01	6.4016836e-01
3.4731707e-01	6.4898812e-01	6.4933304e-01	6.3058256e-01	6.3731596e-01
3.4634146e-01	6.4606210e-01	6.4640626e-01	6.2821737e-01	6.3446701e-01
3.4536585e-01	6.4313960e-01	6.4348302e-01	6.2584586e-01	6.3162152e-01
3.4439024e-01	6.4022062e-01	6.4056330e-01	6.2346781e-01	6.2877949e-01
3.4341463e-01	6.3730516e-01	6.3764712e-01	6.2108295e-01	6.2594094e-01
3.4243902e-01	6.3439324e-01	6.3473448e-01	6.1869099e-01	6.2310586e-01
3.4146341e-01	6.3148484e-01	6.3182537e-01	6.1629159e-01	6.2027425e-01
3.4048780e-01	6.2857999e-01	6.2891981e-01	6.1388442e-01	6.1744613e-01
3.3951220e-01	6.2567868e-01	6.2601779e-01	6.1146912e-01	6.1462149e-01
3.3853659e-01	6.2278091e-01	6.2311932e-01	6.0904527e-01	6.1180033e-01
3.3756098e-01	6.1988670e-01	6.2022440e-01	6.0661244e-01	6.0898267e-01
3.3658537e-01	6.1699604e-01	6.1733303e-01	6.0417016e-01	6.0616851e-01
3.3560976e-01	6.1410895e-01	6.1444521e-01	6.0171792e-01	6.0335784e-01
3.3463415e-01	6.1122542e-01	6.1156095e-01	5.9925514e-01	6.0055068e-01
3.3365854e-01	6.0834545e-01	6.0868025e-01	5.9678121e-01	5.9774702e-01
3.3268293e-01	6.0546906e-01	6.0580312e-01	5.9429543e-01	5.9494688e-01
3.3170732e-01	6.0259625e-01	6.0292955e-01	5.9179706e-01	5.9215025e-01
3.3073171e-01	5.9972702e-01	6.0005955e-01	5.8928522e-01	5.8935713e-01
3.2975610e-01	5.9686137e-01	5.9719312e-01	5.8675899e-01	5.8656754e-01
3.2878049e-01	5.9399932e-01	5.9433027e-01	5.8421728e-01	5.8378147e-01
3.2780488e-01	5.9114086e-01	5.9147099e-01	5.8165889e-01	5.8099894e-01
3.2682927e-01	5.8828600e-01	5.8861530e-01	5.7908245e-01	5.7821993e-01
3.2585366e-01	5.8543474e-01	5.8576320e-01	5.7648636e-01	5.7544446e-01
3.2487805e-01	5.8258709e-01	5.8291468e-01	5.7386879e-01	5.7267253e-01
3.2390244e-01	5.7974305e-01	5.8006976e-01	5.7122770e-01	5.6990415e-01
3.2292683e-01	5.7690263e-01	5.7722843e-01	5.6856047e-01	5.6713931e-01
3.2195122e-01	5.7406583e-01	5.7439070e-01	5.6586425e-01	5.6437802e-01
3.2097561e-01	5.7123265e-01	5.7155658e-01	5.6313539e-01	5.6162028e-01
3.2000000e-01	5.6840310e-01	5.6872607e-01	5.6036956e-01	5.5886610e-01
3.1902439e-01	5.6557718e-01	5.6589917e-01	5.5756137e-01	5.5611548e-01
3.1804878e-01	5.6275490e-01	5.6307589e-01	5.5470406e-01	5.5336843e-01
3.1707317e-01	5.5993626e-01	5.6025623e-01	5.5178886e-01	5.5062494e-01
3.1609756e-01	5.5712126e-01	5.5744020e-01	5.4880424e-01	5.4788502e-01
3.1512195e-01	5.5430991e-01	5.5462780e-01	5.4573441e-01	5.4514868e-01
3.1414634e-01	5.5150221e-01	5.5181904e-01	5.4255696e-01	5.4241592e-01
3.1317073e-01	5.4869816e-01	5.4901393e-01	5.3923827e-01	5.3968673e-01
3.1219512e-01	5.4589777e-01	5.4621246e-01	5.3572407e-01	5.3696114e-01
3.1121951e-01	5.4310104e-01	5.4341465e-01	5.3191674e-01	5.3423912e-01
3.1024390e-01	5.4030797e-01	5.4062051e-01	5.2760513e-01	5.3152070e-01
3.0926829e-01	5.3751857e-01	5.3783004e-01	5.2211025e-01	5.2880588e-01
3.0829268e-01	5.3473283e-01	5.3504326e-01	5.1346922e-01	5.2609465e-01
3.0731707e-01	5.3195076e-01	5.3226019e-01	5.1129965e-01	5.2338702e-01
3.0634146e-01	5.2917235e-01	5.2948083e-01	5.0912548e-01	5.2068300e-01
3.0536585e-01	5.2639762e-01	5.2670517e-01	5.0694653e-01	5.1798259e-01
3.0439024e-01	5.2362656e-01	5.2393322e-01	5.0476260e-01	5.1528578e-01
3.0341463e-01	5.2085919e-01	5.2116498e-01	5.0257350e-01	5.1259259e-01
3.0243902e-01	5.1809549e-01	5.1840044e-01	5.0037902e-01	5.0990302e-01
3.0146341e-01	5.1533548e-01	5.1563962e-01	4.9817892e-01	5.0721706e-01
3.0048780e-01	5.1257916e-01	5.1288251e-01	4.9597297e-01	5.0453473e-01
2.9951220e-01	5.0982653e-01	5.1012911e-01	4.9376089e-01	5.0185603e-01
2.9853659e-01	5.0707760e-01	5.0737942e-01	4.9154247e-01	4.9918096e-01
2.9756098e-01	5.0433237e-01	5.0463345e-01	4.8931734e-01	4.9650952e-01
2.9658537e-01	5.0159084e-01	5.0189118e-01	4.8708521e-01	4.9384171e-01
2.9560976e-01	4.9885302e-01	4.9915264e-01	4.8484575e-01	4.9117755e-01
2.9463415e-01	4.9611891e-01	4.9641780e-01	4.8259857e-01	4.8851702e-01
2.9365854e-01	4.9338851e-01	4.9368669e-01	4.8034329e-01	4.8586015e-01
2.9268293e-01	4.9066184e-01	4.9095929e-01	4.7807944e-01	4.8320692e-01
2.9170732e-01	4.8793888e-01	4.8823562e-01	4.7580662e-01	4.8055734e-01
2.9073171e-01	4.8521966e-01	4.8551566e-01	4.7352425e-01	4.7791141e-01
2.8975610e-01	4.8250416e-01	4.8279943e-01	4.7123179e-01	4.7526915e-01
2.8878049e-01	4.7979239e-01	4.8008692e-01	4.6892860e-01	4.7263054e-01
2.8780488e-01	4.7708436e-01	4.7737814e-01	4.6661398e-01	4.6999560e-01
2.8682927e-01	4.7438007e-01	4.7467308e-01	4.6428724e-01	4.6736432e-01
2.8585366e-01	4.7167953e-01	4.7197176e-01	4.6194745e-01	4.6473672e-01
2.8487805e-01	4.6898273e-01	4.6927417e-01	4.5959367e-01	4.6211278e-01
2.8390244e-01	4.6628969e-01	4.6658031e-01	4.5722480e-01	4.5949253e-01
2.8292683e-01	4.6360040e-01	4.6389018e-01	4.5483969e-01	4.5687594e-01
2.8195122e-01	4.6091487e-01	4.6120380e-01	4.5243687e-01	4.5426305e-01
2.8097561e-01	4.5823310e-01	4.5852116e-01	4.5001475e-01	4.5165383e-01
2.8000000e-01	4.5555510e-01	4.5584226e-01	4.4757145e-01	4.4904830e-01
2.7902439e-01	4.5288087e-01	4.5316711e-01	4.4510481e-01	4.4644646e-01
2.7804878e-01	4.5021041e-01	4.5049570e-01	4.4261222e-01	4.4384832e-01
2.7707317e-01	4.4754373e-01	4.4782805e-01	4.4009061e-01	4.4125387e-01
2.7609756e-01	4.4488083e-01	4.4516416e-01	4.3753624e-01	4.3866311e-01
2.7512195e-01	4.4222171e-01	4.4250403e-01	4.3494450e-01	4.3607606e-01
2.7414634e-01	4.3956637e-01	4.3984766e-01	4.3230965e-01	4.3349272e-01
2.7317073e-01	4.3691483e-01	4.3719506e-01	4.2962438e-01	4.3091307e-01
2.7219512e-01	4.3426708e-01	4.3454623e-01	4.2687913e-01	4.2833714e-01
2.7121951e-01	4.3162313e-01	4.3190117e-01	4.2406104e-01	4.2576493e-01
2.7024390e-01	4.2898298e-01	4.2925990e-01	4.2115221e-01	4.2319642e-01
2.6926829e-01	4.2634663e-01	4.2662242e-01	4.1812648e-01	4.2063164e-01
2.6829268e-01	4.2371408e-01	4.2398872e-01	4.1494315e-01	4.1807057e-01
2.6731707e-01	4.2108534e-01	4.2135883e-01	4.1153293e-01	4.1551323e-01
2.6634146e-01	4.1846041e-01	4.1873275e-01	4.0775999e-01	4.1295961e-01
2.6536585e-01	4.1583929e-01	4.1611048e-01	4.0327785e-01	4.1040972e-01
2.6439024e-01	4.1322198e-01	4.1349204e-01	3.9593472e-01	4.0786357e-01
2.6341463e-01	4.1060848e-01	4.1087745e-01	3.9140579e-01	4.0532115e-01
2.6243902e-01	4.0799879e-01	4.0826673e-01	3.8938802e-01	4.0278246e-01
2.6146341e-01	4.0539291e-01	4.0565986e-01	3.8736567e-01	4.0024752e-01
2.6048780e-01	4.0279085e-01	4.0305685e-01	3.8533852e-01	3.9771631e-01
2.5951220e-01	4.0019261e-01	4.0045769e-01	3.8330637e-01	3.9518885e-01
2.5853659e-01	3.9759819e-01	3.9786240e-01	3.8126897e-01	3.9266514e-01
2.5756098e-01	3.9500759e-01	3.9527096e-01	3.7922612e-01	3.9014518e-01
2.5658537e-01	3.9242082e-01	3.9268337e-01	3.7717752e-01	3.8762897e-01
2.5560976e-01	3.8983789e-01	3.9009964e-01	3.7512288e-01	3.8511651e-01
2.5463415e-01	3.8725879e-01	3.8751976e-01	3.7306197e-01	3.8260782e-01
2.5365854e-01	3.8468352e-01	3.8494373e-01	3.7099439e-01	3.8010288e-01
2.5268293e-01	3.8211210e-01	3.8237156e-01	3.6891982e-01	3.7760170e-01
2.5170732e-01	3.7954452e-01	3.7980325e-01	3.6683791e-01	3.7510429e-01
2.5073171e-01	3.7698079e-01	3.7723878e-01	3.6474826e-01	3.7261065e-01
2.4975610e-01	3.7442090e-01	3.7467817e-01	3.6265038e-01	3.7012078e-01
2.4878049e-01	3.7186487e-01	3.7212141e-01	3.6054382e-01	3.6763468e-01
2.4780488e-01	3.6931270e-01	3.6956851e-01	3.5842801e-01	3.6515236e-01
2.4682927e-01	3.6676439e-01	3.6701946e-01	3.5630247e-01	3.6267381e-01
2.4585366e-01	3.6421994e-01	3.6447426e-01	3.5416645e-01	3.6019905e-01
2.4487805e-01	3.6167935e-01	3.6193292e-01	3.5201933e-01	3.5772806e-01
2.4390244e-01	3.5914264e-01	3.5939543e-01	3.4986023e-01	3.5526087e-01
2.4292683e-01	3.5660980e-01	3.5686180e-01	3.4768836e-01	3.5279746e-01
2.4195122e-01	3.5408083e-01	3.5433203e-01	3.4550266e-01	3.5033783e-01
2.4097561e-01	3.5155574e-01	3.5180612e-01	3.4330199e-01	3.4788201e-01
2.4000000e-01	3.4903454e-01	3.4928407e-01	3.4108514e-01	3.4542997e-01
2.3902439e-01	3.4651722e-01	3.4676588e-01	3.3885056e-01	3.4298174e-01
2.3804878e-01	3.4400379e-01	3.4425155e-01	3.3659654e-01	3.4053730e-01
2.3707317e-01	3.4149425e-01	3.4174109e-01	3.3432115e-01	3.3809667e-01
2.3609756e-01	3.3898861e-01	3.3923450e-01	3.3202196e-01	3.3565984e-01
2.3512195e-01	3.3648686e-01	3.3673177e-01	3.2969618e-01	3.3322681e-01
2.3414634e-01	3.3398901e-01	3.3423292e-01	3.2734040e-01	3.3079760e-01
2.3317073e-01	3.3149507e-01	3.3173794e-01	3.2495044e-01	3.2837219e-01
2.3219512e-01	3.2900504e-01	3.2924684e-01	3.2252116e-01	3.2595060e-01
2.3121951e-01	3.2651891e-01	3.2675963e-01	3.2004589e-01	3.2353283e-01
2.3024390e-01	3.2403670e-01	3.2427629e-01	3.1751601e-01	3.2111887e-01
2.2926829e-01	3.2155840e-01	3.2179685e-01	3.1492010e-01	3.1870874e-01
2.2829268e-01	3.1908402e-01	3.1932130e-01	3.1224210e-01	3.1630243e-01
2.2731707e-01	3.1661356e-01	3.1684965e-01	3.0945885e-01	3.1389994e-01
2.2634146e-01	3.1414702e-01	3.1438190e-01	3.0653462e-01	3.1150128e-01
2.2536585e-01	3.1168440e-01	3.1191807e-01	3.0340936e-01	3.0910645e-01
2.2439024e-01	3.0922571e-01	3.0945816e-01	2.9996818e-01	3.0671545e-01
2.2341463e-01	3.0677094e-01	3.0700217e-01	2.9593167e-01	3.0432829e-01
2.2243902e-01	3.0432011e-01	3.0455013e-01	2.8997902e-01	3.0194496e-01
2.2146341e-01	3.0187319e-01	3.0210206e-01	2.8444447e-01	2.9956547e-01
2.2048780e-01	2.9943020e-01	2.9965797e-01	2.8257715e-01	2.9718982e-01
2.1951220e-01	2.9699113e-01	2.9721786e-01	2.8070532e-01	2.9481802e-01
2.1853659e-01	2.9455599e-01	2.9478173e-01	2.7882871e-01	2.9245005e-01
2.1756098e-01	2.9212478e-01	2.9234958e-01	2.7694710e-01	2.9008594e-01
2.1658537e-01	2.8969751e-01	2.8992140e-01	2.7506021e-01	2.8772568e-01
2.1560976e-01	2.8727417e-01	2.8749719e-01	2.7316778e-01	2.8536927e-01
2.1463415e-01	2.8485476e-01	2.8507696e-01	2.7126952e-01	2.8301671e-01
2.1365854e-01	2.8243931e-01	2.8266069e-01	2.6936510e-01	2.8066800e-01
2.1268293e-01	2.8002779e-01	2.8024839e-01	2.6745419e-01	2.7832316e-01
2.1170732e-01	2.7762022e-01	2.7784006e-01	2.6553641e-01	2.7598218e-01
2.1073171e-01	2.7521660e-01	2.7543569e-01	2.6361136e-01	2.7364505e-01
2.0975610e-01	2.7281694e-01	2.7303528e-01	2.6167860e-01	2.7131180e-01
2.0878049e-01	2.7042123e-01	2.7063883e-01	2.5973766e-01	2.6898240e-01
2.0780488e-01	2.6802948e-01	2.6824634e-01	2.5778801e-01	2.6665688e-01
2.0682927e-01	2.6564169e-01	2.6585782e-01	2.5582908e-01	2.6433523e-01
2.0585366e-01	2.6325786e-01	2.6347325e-01	2.5386023e-01	2.6201745e-01
2.0487805e-01	2.6087801e-01	2.6109264e-01	2.5188075e-01	2.5970355e-01
2.0390244e-01	2.5850212e-01	2.5871598e-01	2.4988986e-01	2.5739352e-01
2.0292683e-01	2.5613020e-01	2.5634329e-01	2.4788666e-01	2.5508737e-01
2.0195122e-01	2.5376227e-01	2.5397455e-01	2.4587017e-01	2.5278510e-01
2.0097561e-01	2.5139831e-01	2.5160977e-01	2.4383923e-01	2.5048672e-01
2.0000000e-01	2.4903833e-01	2.4924894e-01	2.4179257e-01	2.4819222e-01
1.9902439e-01	2.4668233e-01	2.4689207e-01	2.3972867e-01	2.4590160e-01
1.9804878e-01	2.4433033e-01	2.4453916e-01	2.3764579e-01	2.4361488e-01
1.9707317e-01	2.4198231e-01	2.4219022e-01	2.3554189e-01	2.4133205e-01
1.9609756e-01	2.3963829e-01	2.3984523e-01	2.3341455e-01	2.3905311e-01
1.9512195e-01	2.3729826e-01	2.3750420e-01	2.3126083e-01	2.3677806e-01
1.9414634e-01	2.3496224e-01	2.3516714e-01	2.2907720e-01	2.3450691e-01
1.9317073e-01	2.3263021e-01	2.3283404e-01	2.2685923e-01	2.3223966e-01
1.9219512e-01	2.3030219e-01	2.3050492e-01	2.2460135e-01	2.2997631e-01
1.9121951e-01	2.2797817e-01	2.2817976e-01	2.2229652e-01	2.2771687e-01
1.9024390e-01	2.2565816e-01	2.2585858e-01	2.1993514e-01	2.2546132e-01
1.8926829e-01	2.2334216e-01	2.2354138e-01	2.1750431e-01	2.2320969e-01
1.8829268e-01	2.2103018e-01	2.2122816e-01	2.1498559e-01	2.2096196e-01
1.8731707e-01	2.1872221e-01	2.1891894e-01	2.1235123e-01	2.1871815e-01
1.8634146e-01	2.1641825e-01	2.1661371e-01	2.0955634e-01	2.1647824e-01
1.8536585e-01	2.1411831e-01	2.1431248e-01	2.0651988e-01	2.1424225e-01
1.8439024e-01	2.1182239e-01	2.1201527e-01	2.0306576e-01	2.1201018e-01
1.8341463e-01	2.0953049e-01	2.0972209e-01	1.9862556e-01	2.0978202e-01
1.8243902e-01	2.0724261e-01	2.0743297e-01	1.9150046e-01	2.0755779e-01
1.8146341e-01	2.0495873e-01	2.0514793e-01	1.8977834e-01	2.0533747e-01
1.8048780e-01	2.0267887e-01	2.0286696e-01	1.8805171e-01	2.0312108e-01
1.7951220e-01	2.0040303e-01	2.0059008e-01	1.8632028e-01	2.0090862e-01
1.7853659e-01	1.9813120e-01	1.9831728e-01	1.8458382e-01	1.9870008e-01
1.7756098e-01	1.9586340e-01	1.9604854e-01	1.8284200e-01	1.9649547e-01
1.7658537e-01	1.9359962e-01	1.9378388e-01	1.8109451e-01	1.9429479e-01
1.7560976e-01	1.9133986e-01	1.9152328e-01	1.7934101e-01	1.9209804e-01
1.7463415e-01	1.8908413e-01	1.8926674e-01	1.7758113e-01	1.8990523e-01
1.7365854e-01	1.8683244e-01	1.8701425e-01	1.7581448e-01	1.8771636e-01
1.7268293e-01	1.8458478e-01	1.8476583e-01	1.7404060e-01	1.8553142e-01
1.7170732e-01	1.8234115e-01	1.8252146e-01	1.7225903e-01	1.8335042e-01
1.7073171e-01	1.8010157e-01	1.8028113e-01	1.7046924e-01	1.8117337e-01
1.6975610e-01	1.7786603e-01	1.7804485e-01	1.6867065e-01	1.7900025e-01
1.6878049e-01	1.7563453e-01	1.7581262e-01	1.6686263e-01	1.7683109e-01
1.6780488e-01	1.7340708e-01	1.7358443e-01	1.6504445e-01	1.7466587e-01
1.6682927e-01	1.7118368e-01	1.7136028e-01	1.6321532e-01	1.7250459e-01
1.6585366e-01	1.6896433e-01	1.6914017e-01	1.6137435e-01	1.7034727e-01
1.6487805e-01	1.6674903e-01	1.6692409e-01	1.5952051e-01	1.6819390e-01
1.6390244e-01	1.6453780e-01	1.6471205e-01	1.5765266e-01	1.6604449e-01
1.6292683e-01	1.6233063e-01	1.6250405e-01	1.5576946e-01	1.6389903e-01
1.6195122e-01	1.6012752e-01	1.6030008e-01	1.5386936e-01	1.6175753e-01
1.6097561e-01	1.5792847e-01	1.5810014e-01	1.5195057e-01	1.5961998e-01
1.6000000e-01	1.5573350e-01	1.5590423e-01	1.5001095e-01	1.5748640e-01
1.5902439e-01	1.5354259e-01	1.5371236e-01	1.4804795e-01	1.5535678e-01
1.5804878e-01	1.5135576e-01	1.5152452e-01	1.4605846e-01	1.5323112e-01
1.5707317e-01	1.4917301e-01	1.4934072e-01	1.4403868e-01	1.5110943e-01
1.5609756e-01	1.4699434e-01	1.4716095e-01	1.4198381e-01	1.4899171e-01
1.5512195e-01	1.4481974e-01	1.4498522e-01	1.3988773e-01	1.4687796e-01
1.5414634e-01	1.4264923e-01	1.4281353e-01	1.3774239e-01	1.4476817e-01
1.5317073e-01	1.4048281e-01	1.4064588e-01	1.3553686e-01	1.4266236e-01
1.5219512e-01	1.3832047e-01	1.3848228e-01	1.3325576e-01	1.4056052e-01
1.5121951e-01	1.3616222e-01	1.3632274e-01	1.3087631e-01	1.3846266e-01
1.5024390e-01	1.3400806e-01	1.3416726e-01	1.2836239e-01	1.3636878e-01
1.4926829e-01	1.3185799e-01	1.3201585e-01	1.2565081e-01	1.3427887e-01
1.4829268e-01	1.2971201e-01	1.2986852e-01	1.2261218e-01	1.3219295e-01
1.4731707e-01	1.2757013e-01	1.2772528e-01	1.1888522e-01	1.3011100e-01
1.4634146e-01	1.2543233e-01	1.2558617e-01	1.1145858e-01	1.2803305e-01
1.4536585e-01	1.2329861e-01	1.2345122e-01	1.0987324e-01	1.2595907e-01
1.4439024e-01	1.2116898e-01	1.2132043e-01	1.0828325e-01	1.2388908e-01
1.4341463e-01	1.1904344e-01	1.1919381e-01	1.0668832e-01	1.2182309e-01
1.4243902e-01	1.1692198e-01	1.1707135e-01	1.0508812e-01	1.1976108e-01
1.4146341e-01	1.1480461e-01	1.1495304e-01	1.0348228e-01	1.1770306e-01
1.4048780e-01	1.1269134e-01	1.1283887e-01	1.0187043e-01	1.1564904e-01
1.3951220e-01	1.1058217e-01	1.1072885e-01	1.0025215e-01	1.1359901e-01
1.3853659e-01	1.0847709e-01	1.0862296e-01	9.8626979e-02	1.1155298e-01
1.3756098e-01	1.0637611e-01	1.0652121e-01	9.6994417e-02	1.0951094e-01
1.3658537e-01	1.0427924e-01	1.0442358e-01	9.5353912e-02	1.0747291e-01
1.3560976e-01	1.0218647e-01	1.0233008e-01	9.3704855e-02	1.0543887e-01
1.3463415e-01	1.0009782e-01	1.0024069e-01	9.2046566e-02	1.0340884e-01
1.3365854e-01	9.8013270e-02	9.8155412e-02	9.0378286e-02	1.0138281e-01
1.3268293e-01	9.5932839e-02	9.6074246e-02	8.8699164e-02	9.9360787e-02
1.3170732e-01	9.3856525e-02	9.3997186e-02	8.7008233e-02	9.7342772e-02
1.3073171e-01	9.1784330e-02	9.1924227e-02	8.5304392e-02	9.5328764e-02
1.2975610e-01	8.9716258e-02	8.9855368e-02	8.3586376e-02	9.3318767e-02
1.2878049e-01	8.7652311e-02	8.7790604e-02	8.1852718e-02	9.1312781e-02
1.2780488e-01	8.5592491e-02	8.5729933e-02	8.0101701e-02	8.9310808e-02
1.2682927e-01	8.3536801e-02	8.3673354e-02	7.8331292e-02	8.7312849e-02
1.2585366e-01	8.1485244e-02	8.1620864e-02	7.6539054e-02	8.5318906e-02
1.2487805e-01	7.9437821e-02	7.9572463e-02	7.4722026e-02	8.3328981e-02
1.2390244e-01	7.7394536e-02	7.7528149e-02	7.2876547e-02	8.1343074e-02
1.2292683e-01	7.5355390e-02	7.5487923e-02	7.0998009e-02	7.9361187e-02
1.2195122e-01	7.3320386e-02	7.3451787e-02	6.9080478e-02	7.7383322e-02
1.2097561e-01	7.1289525e-02	7.1419741e-02	6.7116106e-02	7.5409481e-02
1.2000000e-01	6.9262810e-02	6.9391788e-02	6.5094166e-02	7.3439664e-02
1.1902439e-01	6.7240242e-02	6.7367932e-02	6.2999381e-02	7.1473872e-02
1.1804878e-01	6.5221822e-02	6.5348180e-02	6.0808784e-02	6.9512109e-02
1.1707317e-01	6.3207552e-02	6.3332538e-02	5.8485211e-02	6.7554373e-02
1.1609756e-01	6.1197431e-02	6.1321017e-02	5.5961597e-02	6.5600669e-02
1.1512195e-01	5.9191460e-02	5.9313630e-02	5.3093222e-02	6.3650996e-02
1.1414634e-01	5.7189638e-02	5.7310398e-02	4.9422004e-02	6.1705355e-02
1.1317073e-01	5.5191960e-02	5.5311357e-02	4.3210402e-02	5.9763750e-02
1.1219512e-01	5.3198420e-02	5.3316556e-02	4.1750782e-02	5.7826180e-02
1.1121951e-01	5.1209019e-02	5.1325996e-02	4.0286104e-02	5.5892647e-02
1.1024390e-01	4.9223760e-02	4.9339669e-02	3.8815975e-02	5.3963153e-02
1.0926829e-01	4.7242646e-02	4.7357567e-02	3.7339965e-02	5.2037699e-02
1.0829268e-01	4.5265680e-02	4.5379683e-02	3.5857602e-02	5.0116286e-02
1.0731707e-01	4.3292863e-02	4.3406008e-02	3.4368368e-02	4.8198915e-02
1.0634146e-01	4.1324200e-02	4.1436535e-02	3.2871692e-02	4.6285589e-02
1.0536585e-01	3.9359693e-02	3.9471255e-02	3.1366940e-02	4.4376308e-02
1.0439024e-01	3.7399345e-02	3.7510163e-02	2.9853403e-02	4.2471074e-02
1.0341463e-01	3.5443158e-02	3.5553250e-02	2.8330287e-02	4.0569888e-02
1.0243902e-01	3.3491135e-02	3.3600509e-02	2.6796694e-02	3.8672751e-02
1.0146341e-01	3.1543279e-02	3.1651934e-02	2.5251603e-02	3.6779665e-02
1.0048780e-01	2.9599594e-02	2.9707517e-02	2.3693843e-02	3.4890631e-02
9.9512195e-02	2.7660080e-02	2.7767254e-02	2.2122058e-02	3.3005650e-02
9.8536585e-02	2.5724742e-02	2.5831138e-02	2.0534665e-02	3.1124724e-02
9.7560976e-02	2.3793582e-02	2.3899164e-02	1.8929791e-02	2.9247854e-02
9.6585366e-02	2.1866602e-02	2.1971327e-02	1.7305198e-02	2.7375041e-02
9.5609756e-02	1.9943804e-02	2.0047623e-02	1.5658164e-02	2.5506287e-02
9.4634146e-02	1.8025192e-02	1.8128048e-02	1.3985331e-02	2.3641592e-02
9.3658537e-02	1.6110767e-02	1.6212600e-02	1.2282474e-02	2.1780959e-02
9.2682927e-02	1.4200531e-02	1.4301276e-02	1.0544136e-02	1.9924388e-02
9.1707317e-02	1.2294487e-02	1.2394078e-02	8.7631470e-03	1.8071881e-02
9.0731707e-02	1.0392635e-02	1.0491004e-02	6.9296103e-03	1.6223438e-02
8.9756098e-02	8.4949784e-03	8.5920592e-03	5.0294419e-03	1.4379062e-02
8.8780488e-02	6.6015171e-03	6.6972473e-03	3.0414263e-03	1.2538754e-02
8.7804878e-02	4.7122521e-03	4.8065750e-03	9.3094836e-04	1.0702514e-02
8.6829268e-02	2.8271836e-03	2.9200540e-03	-1.3648713e-03	8.8703439e-03
8.5853659e-02	9.4631076e-04	1.0377012e-03	-3.9836297e-03	7.0422452e-03
8.4878049e-02	-9.3036836e-04	-8.4045788e-04	-7.3739118e-03	5.2182190e-03
8.3902439e-02	-2.8028594e-03	-2.7143739e-03	-1.2967213e-02	3.3982664e-03
8.2926829e-02	-4.6711707e-03	-4.5839803e-03	-1.4309509e-02	1.5823888e-03
8.1951220e-02	-6.5353003e-03	-6.4492786e-03	-1.5657436e-02	-2.2941263e-04
8.0975610e-02	-8.3952445e-03	-8.3102805e-03	-1.7011534e-02	-2.0371367e-03
8.0000000e-02	-1.0251000e-02	-1.0166998e-02	-1.8372400e-02	-3.8407822e-03
7.9024390e-02	-1.2102563e-02	-1.2019441e-02	-1.9740704e-02	-5.6403480e-03
7.8048780e-02	-1.3949930e-02	-1.3867622e-02	-2.1117193e-02	-7.4358327e-03
7.7073171e-02	-1.5793098e-02	-1.5711553e-02	-2.2502712e-02	-9.2272353e-03
7.6097561e-02	-1.7632063e-02	-1.7551246e-02	-2.3898223e-02	-1.1014554e-02
7.5121951e-02	-1.9466823e-02	-1.9386711e-02	-2.5304825e-02	-1.2797789e-02
7.4146341e-02	-2.1297374e-02	-2.1217960e-02	-2.6723792e-02	-1.4576938e-02
7.3170732e-02	-2.3123713e-02	-2.3045003e-02	-2.8156619e-02	-1.6352000e-02
7.2195122e-02	-2.4945837e-02	-2.4867852e-02	-2.9605027e-02	-1.8122973e-02
7.1219512e-02	-2.6763743e-02	-2.6686516e-02	-3.1071147e-02	-1.9889858e-02
7.0243902e-02	-2.8577428e-02	-2.8501004e-02	-3.2557514e-02	-2.1652652e-02
6.9268293e-02	-3.0386891e-02	-3.0311325e-02	-3.4067274e-02	-2.3411354e-02
6.8292683e-02	-3.2192128e-02	-3.2117488e-02	-3.5604388e-02	-2.5165964e-02
6.7317073e-02	-3.3993137e-02	-3.3919498e-02	-3.7173970e-02	-2.6916479e-02
6.6341463e-02	-3.5789917e-02	-3.5717360e-02	-3.8782810e-02	-2.8662900e-02
6.5365854e-02	-3.7582466e-02	-3.7511079e-02	-4.0440248e-02	-3.0405224e-02
6.4390244e-02	-3.9370782e-02	-3.9300655e-02	-4.2159720e-02	-3.2143451e-02
6.3414634e-02	-4.1154865e-02	-4.1086086e-02	-4.3961711e-02	-3.3877580e-02
6.2439024e-02	-4.2934716e-02	-4.2867366e-02	-4.5880080e-02	-3.5607609e-02
6.1463415e-02	-4.4710333e-02	-4.4644482e-02	-4.7977898e-02	-3.7333537e-02
6.0487805e-02	-4.6481720e-02	-4.6417415e-02	-5.0399141e-02	-3.9055363e-02
5.9512195e-02	-4.8248879e-02	-4.8186128e-02	-5.3669394e-02	-4.0773086e-02
5.8536585e-02	-5.0011819e-02	-4.9950546e-02	-5.8384323e-02	-4.2486706e-02
5.7560976e-02	-5.1770551e-02	-5.1710583e-02	-5.9618786e-02	-4.4196220e-02
5.6585366e-02	-5.3525068e-02	-5.3466248e-02	-6.0859780e-02	-4.5901627e-02
5.5609756e-02	-5.5275367e-02	-5.5217557e-02	-6.2108122e-02	-4.7602928e-02
5.4634146e-02	-5.7021441e-02	-5.6964528e-02	-6.3364747e-02	-4.9300119e-02
5.3658537e-02	-5.8763286e-02	-5.8707179e-02	-6.4630729e-02	-5.0993201e-02
5.2682927e-02	-6.0500897e-02	-6.0445528e-02	-6.5907315e-02	-5.2682173e-02
5.1707317e-02	-6.2234269e-02	-6.2179592e-02	-6.7195969e-02	-5.4367033e-02
5.0731707e-02	-6.3963397e-02	-6.3909391e-02	-6.8498426e-02	-5.6047780e-02
4.9756098e-02	-6.5688279e-02	-6.5634943e-02	-6.9816778e-02	-5.7724413e-02
4.8780488e-02	-6.7408911e-02	-6.7356267e-02	-7.1153557e-02	-5.9396931e-02
4.7804878e-02	-6.9125288e-02	-6.9073381e-02	-7.2511951e-02	-6.1065333e-02
4.6829268e-02	-7.0837409e-02	-7.0786301e-02	-7.3895984e-02	-6.2729617e-02
4.5853659e-02	-7.2545270e-02	-7.2495044e-02	-7.5310919e-02	-6.4389784e-02
4.4878049e-02	-7.4248870e-02	-7.4199624e-02	-7.6763847e-02	-6.6045832e-02
4.3902439e-02	-7.5948208e-02	-7.5900054e-02	-7.8264718e-02	-6.7697759e-02
4.2926829e-02	-7.7643283e-02	-7.7596343e-02	-7.9828238e-02	-6.9345565e-02
4.1951220e-02	-7.9334095e-02	-7.9288494e-02	-8.1477661e-02	-7.0989248e-02
4.0975610e-02	-8.1020645e-02	-8.0976505e-02	-8.3253674e-02	-7.2628809e-02
4.0000000e-02	-8.2702936e-02	-8.2660362e-02	-8.5239184e-02	-7.4264245e-02
3.9024390e-02	-8.4380973e-02	-8.4340033e-02	-8.7660460e-02	-7.5895555e-02
3.8048780e-02	-8.6054762e-02	-8.6015450e-02	-9.3041271e-02	-7.7522739e-02
3.7073171e-02	-8.7724323e-02	-8.7686456e-02	-9.4171177e-02	-7.9145796e-02
3.6097561e-02	-8.9389654e-02	-8.9353002e-02	-9.5308033e-02	-8.0764724e-02
3.5121951e-02	-9.1050745e-02	-9.1015116e-02	-9.6453100e-02	-8.2379522e-02
3.4146341e-02	-9.2707586e-02	-9.2672823e-02	-9.7607886e-02	-8.3990190e-02
3.3170732e-02	-9.4360169e-02	-9.4326152e-02	-9.8774211e-02	-8.5596727e-02
3.2195122e-02	-9.6008485e-02	-9.5975134e-02	-9.9954315e-02	-8.7199131e-02
3.1219512e-02	-9.7652527e-02	-9.7619801e-02	-1.0115099e-01	-8.8797401e-02
3.0243902e-02	-9.9292290e-02	-9.9260187e-02	-1.0236781e-01	-9.0391537e-02
2.9268293e-02	-1.0092777e-01	-1.0089633e-01	-1.0360943e-01	-9.1981538e-02
2.8292683e-02	-1.0255896e-01	-1.0252826e-01	-1.0488217e-01	-9.3567402e-02
2.7317073e-02	-1.0418585e-01	-1.0415602e-01	-1.0619491e-01	-9.5149129e-02
2.6341463e-02	-1.0580846e-01	-1.0577963e-01	-1.0756082e-01	-9.6726717e-02
2.5365854e-02	-1.0742678e-01	-1.0739914e-01	-1.0900089e-01	-9.8300166e-02
2.4390244e-02	-1.0904081e-01	-1.0901454e-01	-1.1055218e-01	-9.9869475e-02
2.3414634e-02	-1.1065057e-01	-1.1062586e-01	-1.1229161e-01	-1.0143464e-01
2.2439024e-02	-1.1225605e-01	-1.1223306e-01	-1.1443677e-01	-1.0299567e-01
2.1463415e-02	-1.1385728e-01	-1.1383604e-01	-1.1916118e-01	-1.0455255e-01
2.0487805e-02	-1.1545429e-01	-1.1543453e-01	-1.2019563e-01	-1.0610529e-01
1.9512195e-02	-1.1704705e-01	-1.1702845e-01	-1.2123713e-01	-1.0765388e-01
1.8536585e-02	-1.1863556e-01	-1.1861785e-01	-1.2228807e-01	-1.0919833e-01
1.7560976e-02	-1.2021979e-01	-1.2020277e-01	-1.2335165e-01	-1.1073862e-01
1.6585366e-02	-1.2179971e-01	-1.2178327e-01	-1.2443226e-01	-1.1227478e-01
1.5609756e-02	-1.2337531e-01	-1.2335941e-01	-1.2553615e-01	-1.1380678e-01
1.4634146e-02	-1.2494659e-01	-1.2493129e-01	-1.2667267e-01	-1.1533463e-01
1.3658537e-02	-1.2651354e-01	-1.2649898e-01	-1.2785675e-01	-1.1685833e-01
1.2682927e-02	-1.2807617e-01	-1.2806259e-01	-1.2911446e-01	-1.1837788e-01
1.1707317e-02	-1.2963449e-01	-1.2962220e-01	-1.3049854e-01	-1.1989328e-01
1.0731707e-02	-1.3118852e-01	-1.3117790e-01	-1.3214793e-01	-1.2140453e-01
9.7560976e-03	-1.3273831e-01	-1.3272962e-01	-1.3487972e-01	-1.2291162e-01
8.7804878e-03	-1.3428393e-01	-1.3427691e-01	-1.3733682e-01	-1.2441455e-01
7.8048780e-03	-1.3582533e-01	-1.3581942e-01	-1.3828490e-01	-1.2591333e-01
6.8292683e-03	-1.3736243e-01	-1.3735719e-01	-1.3923558e-01	-1.2740795e-01
5.8536585e-03	-1.3889515e-01	-1.3889031e-01	-1.4019558e-01	-1.2889841e-01
4.8780488e-03	-1.4042343e-01	-1.4041900e-01	-1.4118031e-01	-1.3038472e-01
3.9024390e-03	-1.4194728e-01	-1.4194363e-01	-1.4223298e-01	-1.3186686e-01
2.9268293e-03	-1.4346684e-01	-1.4346480e-01	-1.4354650e-01	-1.3334485e-01
1.9512195e-03	-1.4498247e-01	-1.4498272e-01	-1.4597134e-01	-1.3481867e-01
9.7560976e-04	-1.4649408e-01	-1.4649534e-01	-1.4698772e-01	-1.3628833e-01
