&parameters
s0 = 0.0001000
!alpha0 = -0.0000000
!major_R = 1.0000000
!minor_r = 0.0100000
Bref = 1.0000000
my_dpdx = 2.5510153
q0 = 1.4000014
shat = 7.0000000
gridpoints = 128
n_pol = 2
/
9.8039408e-01    -4.3119988e+01    1.8975164e+03    9.9017328e-01    1.4280700e+00    2.9309048e-01    6.2048316e-15    -9.2448593e-15    -2.0000000e+00
9.8048757e-01    -4.2927104e+01    1.8804081e+03    9.9022049e-01    1.4279339e+00    4.5052359e+00    9.6102186e-02    9.6106993e-04    -1.9687500e+00
9.8076722e-01    -4.2737529e+01    1.8633139e+03    9.9036170e-01    1.4275267e+00    8.6491527e+00    1.9133341e-01    1.9134298e-03    -1.9375000e+00
9.8123057e-01    -4.2546321e+01    1.8458156e+03    9.9059562e-01    1.4268526e+00    1.2685002e+01    2.8482908e-01    2.8484334e-03    -1.9062500e+00
9.8187354e-01    -4.2348557e+01    1.8275085e+03    9.9092014e-01    1.4259183e+00    1.6572474e+01    3.7573736e-01    3.7575618e-03    -1.8750000e+00
9.8269046e-01    -4.2139379e+01    1.8080057e+03    9.9133230e-01    1.4247329e+00    2.0271328e+01    4.6322552e-01    4.6324875e-03    -1.8437500e+00
9.8367409e-01    -4.1914038e+01    1.7869438e+03    9.9182834e-01    1.4233082e+00    2.3742018e+01    5.4648643e-01    5.4651386e-03    -1.8125000e+00
9.8481570e-01    -4.1667940e+01    1.7639870e+03    9.9240374e-01    1.4216583e+00    2.6946389e+01    6.2474492e-01    6.2477631e-03    -1.7812500e+00
9.8610507e-01    -4.1396687e+01    1.7388329e+03    9.9305321e-01    1.4197994e+00    2.9848427e+01    6.9726425e-01    6.9729933e-03    -1.7500000e+00
9.8753060e-01    -4.1096121e+01    1.7112166e+03    9.9377078e-01    1.4177499e+00    3.2415030e+01    7.6335254e-01    7.6339100e-03    -1.7187500e+00
9.8907941e-01    -4.0762361e+01    1.6809158e+03    9.9454981e-01    1.4155298e+00    3.4616790e+01    8.2236910e-01    8.2241060e-03    -1.6875000e+00
9.9073738e-01    -4.0391844e+01    1.6477544e+03    9.9538307e-01    1.4131610e+00    3.6428742e+01    8.7373075e-01    8.7377491e-03    -1.6562500e+00
9.9248928e-01    -3.9981363e+01    1.6116062e+03    9.9626278e-01    1.4106665e+00    3.7831065e+01    9.1691790e-01    9.1696433e-03    -1.6250000e+00
9.9431891e-01    -3.9528091e+01    1.5723973e+03    9.9718070e-01    1.4080708e+00    3.8809697e+01    9.5148043e-01    9.5152869e-03    -1.5937500e+00
9.9620920e-01    -3.9029623e+01    1.5301081e+03    9.9812816e-01    1.4053990e+00    3.9356850e+01    9.7704329e-01    9.7709294e-03    -1.5625000e+00
9.9814234e-01    -3.8483991e+01    1.4847740e+03    9.9909618e-01    1.4026771e+00    3.9471391e+01    9.9331164e-01    9.9336222e-03    -1.5312500e+00
1.0001000e+00    -3.7889696e+01    1.4364855e+03    1.0000755e+00    1.3999314e+00    3.9159077e+01    1.0000755e+00    1.0001265e-02    -1.5000000e+00
1.0020634e+00    -3.7245720e+01    1.3853871e+03    1.0010568e+00    1.3971884e+00    3.8432626e+01    9.9721384e-01    9.9726482e-03    -1.4687500e+00
1.0040136e+00    -3.6551545e+01    1.3316747e+03    1.0020305e+00    1.3944745e+00    3.7311611e+01    9.8469779e-01    9.8474822e-03    -1.4375000e+00
1.0059317e+00    -3.5807160e+01    1.2755923e+03    1.0029872e+00    1.3918156e+00    3.5822181e+01    9.6259314e-01    9.6264254e-03    -1.4062500e+00
1.0077986e+00    -3.5013065e+01    1.2174283e+03    1.0039175e+00    1.3892373e+00    3.3996601e+01    9.3106188e-01    9.3110975e-03    -1.3750000e+00
1.0095960e+00    -3.4170271e+01    1.1575096e+03    1.0048124e+00    1.3867641e+00    3.1872623e+01    8.9036257e-01    8.9040842e-03    -1.3437500e+00
1.0113058e+00    -3.3280294e+01    1.0961959e+03    1.0056630e+00    1.3844194e+00    2.9492709e+01    8.4084970e-01    8.4089308e-03    -1.3125000e+00
1.0129109e+00    -3.2345144e+01    1.0338730e+03    1.0064608e+00    1.3822256e+00    2.6903109e+01    7.8297180e-01    7.8301226e-03    -1.2812500e+00
1.0143950e+00    -3.1367304e+01    9.7094548e+02    1.0071978e+00    1.3802034e+00    2.4152840e+01    7.1726827e-01    7.1730539e-03    -1.2500000e+00
1.0157429e+00    -3.0349714e+01    9.0782906e+02    1.0078668e+00    1.3783718e+00    2.1292573e+01    6.4436495e-01    6.4439834e-03    -1.2187500e+00
1.0169408e+00    -2.9295733e+01    8.4494296e+02    1.0084610e+00    1.3767482e+00    1.8373483e+01    5.6496845e-01    5.6499776e-03    -1.1875000e+00
1.0179763e+00    -2.8209114e+01    7.8270206e+02    1.0089743e+00    1.3753477e+00    1.5446080e+01    4.7985918e-01    4.7988410e-03    -1.1562500e+00
1.0188387e+00    -2.7093962e+01    7.2150935e+02    1.0094016e+00    1.3741835e+00    1.2559062e+01    3.8988334e-01    3.8990360e-03    -1.1250000e+00
1.0195190e+00    -2.5954689e+01    6.6174877e+02    1.0097386e+00    1.3732666e+00    9.7582336e+00    2.9594365e-01    2.9595904e-03    -1.0937500e+00
1.0200101e+00    -2.4795971e+01    6.0377859e+02    1.0099818e+00    1.3726054e+00    7.0855104e+00    1.9898933e-01    1.9899968e-03    -1.0625000e+00
1.0203068e+00    -2.3622695e+01    5.4792546e+02    1.0101287e+00    1.3722062e+00    4.5780486e+00    1.0000516e-01    1.0001037e-03    -1.0312500e+00
1.0204061e+00    -2.2439906e+01    4.9447945e+02    1.0101778e+00    1.3720728e+00    2.2675258e+00    -5.9346621e-15    5.3500669e-14    -1.0000000e+00
1.0203068e+00    -2.1252751e+01    4.4368987e+02    1.0101287e+00    1.3722062e+00    1.7959110e-01    -1.0000516e-01    -1.0001037e-03    -9.6875000e-01
1.0200101e+00    -2.0066425e+01    3.9576222e+02    1.0099818e+00    1.3726054e+00    -1.6664990e+00    -1.9898933e-01    -1.9899968e-03    -9.3750000e-01
1.0195190e+00    -1.8886108e+01    3.5085627e+02    1.0097386e+00    1.3732666e+00    -3.2580503e+00    -2.9594365e-01    -2.9595904e-03    -9.0625000e-01
1.0188387e+00    -1.7716914e+01    3.0908517e+02    1.0094016e+00    1.3741835e+00    -4.5889063e+00    -3.8988334e-01    -3.8990360e-03    -8.7500000e-01
1.0179763e+00    -1.6563831e+01    2.7051566e+02    1.0089743e+00    1.3753477e+00    -5.6592336e+00    -4.7985918e-01    -4.7988410e-03    -8.4375000e-01
1.0169408e+00    -1.5431668e+01    2.3516941e+02    1.0084610e+00    1.3767482e+00    -6.4751315e+00    -5.6496845e-01    -5.6499776e-03    -8.1250000e-01
1.0157429e+00    -1.4325001e+01    2.0302524e+02    1.0078668e+00    1.3783718e+00    -7.0480831e+00    -6.4436495e-01    -6.4439834e-03    -7.8125000e-01
1.0143950e+00    -1.3248126e+01    1.7402224e+02    1.0071978e+00    1.3802034e+00    -7.3942723e+00    -7.1726827e-01    -7.1730539e-03    -7.5000000e-01
1.0129109e+00    -1.2205014e+01    1.4806369e+02    1.0064608e+00    1.3822256e+00    -7.5337956e+00    -7.8297180e-01    -7.8301226e-03    -7.1875000e-01
1.0113058e+00    -1.1199268e+01    1.2502148e+02    1.0056630e+00    1.3844194e+00    -7.4897995e+00    -8.4084970e-01    -8.4089308e-03    -6.8750000e-01
1.0095960e+00    -1.0234088e+01    1.0474111e+02    1.0048124e+00    1.3867641e+00    -7.2875753e+00    -8.9036257e-01    -8.9040842e-03    -6.5625000e-01
1.0077986e+00    -9.3122413e+00    8.7046844e+01    1.0039175e+00    1.3892373e+00    -6.9536473e+00    -9.3106188e-01    -9.3110975e-03    -6.2500000e-01
1.0059317e+00    -8.4360334e+00    7.1747063e+01    1.0029872e+00    1.3918156e+00    -6.5148846e+00    -9.6259314e-01    -9.6264254e-03    -5.9375000e-01
1.0040136e+00    -7.6072896e+00    5.8639562e+01    1.0020305e+00    1.3944745e+00    -5.9976679e+00    -9.8469779e-01    -9.8474822e-03    -5.6250000e-01
1.0020634e+00    -6.8273397e+00    4.7516635e+01    1.0010568e+00    1.3971884e+00    -5.4271381e+00    -9.9721384e-01    -9.9726482e-03    -5.3125000e-01
1.0001000e+00    -6.0970081e+00    3.8169842e+01    1.0000755e+00    1.3999314e+00    -4.8265493e+00    -1.0000755e+00    -1.0001265e-02    -5.0000000e-01
9.9814234e-01    -5.4166104e+00    3.0394324e+01    9.9909618e-01    1.4026771e+00    -4.2167447e+00    -9.9331164e-01    -9.9336222e-03    -4.6875000e-01
9.9620920e-01    -4.7859544e+00    2.3992570e+01    9.9812816e-01    1.4053990e+00    -3.6157661e+00    -9.7704329e-01    -9.7709294e-03    -4.3750000e-01
9.9431891e-01    -4.2043467e+00    1.8777578e+01    9.9718070e-01    1.4080708e+00    -3.0386055e+00    -9.5148043e-01    -9.5152869e-03    -4.0625000e-01
9.9248928e-01    -3.6706042e+00    1.4575346e+01    9.9626278e-01    1.4106665e+00    -2.4970980e+00    -9.1691790e-01    -9.1696433e-03    -3.7500000e-01
9.9073738e-01    -3.1830696e+00    1.1226708e+01    9.9538307e-01    1.4131610e+00    -1.9999508e+00    -8.7373075e-01    -8.7377491e-03    -3.4375000e-01
9.8907941e-01    -2.7396323e+00    8.5885059e+00    9.9454981e-01    1.4155298e+00    -1.5528995e+00    -8.2236910e-01    -8.2241060e-03    -3.1250000e-01
9.8753060e-01    -2.3377520e+00    6.5341414e+00    9.9377078e-01    1.4177499e+00    -1.1589750e+00    -7.6335254e-01    -7.6339100e-03    -2.8125000e-01
9.8610507e-01    -1.9744869e+00    4.9535827e+00    9.9305321e-01    1.4197994e+00    -8.1886276e-01    -6.9726425e-01    -6.9729933e-03    -2.5000000e-01
9.8481570e-01    -1.6465246e+00    3.7528934e+00    9.9240374e-01    1.4216583e+00    -5.3133273e-01    -6.2474492e-01    -6.2477631e-03    -2.1875000e-01
9.8367409e-01    -1.3502162e+00    2.8533915e+00    9.9182834e-01    1.4233082e+00    -2.9371534e-01    -5.4648643e-01    -5.4651386e-03    -1.8750000e-01
9.8269046e-01    -1.0816130e+00    2.1905437e+00    9.9133230e-01    1.4247329e+00    -1.0239867e-01    -4.6322552e-01    -4.6324875e-03    -1.5625000e-01
9.8187354e-01    -8.3650492e-01    1.7127086e+00    9.9092014e-01    1.4259183e+00    4.6678491e-02    -3.7573736e-01    -3.7575618e-03    -1.2500000e-01
9.8123057e-01    -6.1046156e-01    1.3798418e+00    9.9059562e-01    1.4268526e+00    1.5756197e-01    -2.8482908e-01    -2.8484334e-03    -9.3750000e-02
9.8076722e-01    -3.9887426e-01    1.1622707e+00    9.9036170e-01    1.4275267e+00    2.3386817e-01    -1.9133341e-01    -1.9134298e-03    -6.2500000e-02
9.8048757e-01    -1.9699968e-01    1.0396312e+00    9.9022049e-01    1.4279339e+00    2.7844023e-01    -9.6102186e-02    -9.6106993e-04    -3.1250000e-02
9.8039408e-01    -4.0997404e-06    1.0000500e+00    9.9017328e-01    1.4280700e+00    2.9309048e-01    6.0122286e-15    -1.0542391e-15    0.0000000e+00
9.8048757e-01    1.9699148e-01    1.0396279e+00    9.9022049e-01    1.4279339e+00    2.7844103e-01    9.6102186e-02    9.6106993e-04    3.1250000e-02
9.8076722e-01    3.9886606e-01    1.1622640e+00    9.9036170e-01    1.4275267e+00    2.3386977e-01    1.9133341e-01    1.9134298e-03    6.2500000e-02
9.8123057e-01    6.1045335e-01    1.3798316e+00    9.9059562e-01    1.4268526e+00    1.5756436e-01    2.8482908e-01    2.8484334e-03    9.3750000e-02
9.8187354e-01    8.3649671e-01    1.7126946e+00    9.9092014e-01    1.4259183e+00    4.6681634e-02    3.7573736e-01    3.7575618e-03    1.2500000e-01
9.8269046e-01    1.0816048e+00    2.1905256e+00    9.9133230e-01    1.4247329e+00    -1.0239480e-01    4.6322552e-01    4.6324875e-03    1.5625000e-01
9.8367409e-01    1.3502080e+00    2.8533689e+00    9.9182834e-01    1.4233082e+00    -2.9371077e-01    5.4648643e-01    5.4651386e-03    1.8750000e-01
9.8481570e-01    1.6465163e+00    3.7528658e+00    9.9240374e-01    1.4216583e+00    -5.3132750e-01    6.2474492e-01    6.2477631e-03    2.1875000e-01
9.8610507e-01    1.9744786e+00    4.9535497e+00    9.9305321e-01    1.4197994e+00    -8.1885693e-01    6.9726425e-01    6.9729933e-03    2.5000000e-01
9.8753060e-01    2.3377437e+00    6.5341023e+00    9.9377078e-01    1.4177499e+00    -1.1589686e+00    7.6335254e-01    7.6339100e-03    2.8125000e-01
9.8907941e-01    2.7396240e+00    8.5884601e+00    9.9454981e-01    1.4155298e+00    -1.5528926e+00    8.2236910e-01    8.2241060e-03    3.1250000e-01
9.9073738e-01    3.1830613e+00    1.1226655e+01    9.9538307e-01    1.4131610e+00    -1.9999434e+00    8.7373075e-01    8.7377491e-03    3.4375000e-01
9.9248928e-01    3.6705959e+00    1.4575284e+01    9.9626278e-01    1.4106665e+00    -2.4970903e+00    9.1691790e-01    9.1696433e-03    3.7500000e-01
9.9431891e-01    4.2043384e+00    1.8777508e+01    9.9718070e-01    1.4080708e+00    -3.0385976e+00    9.5148043e-01    9.5152869e-03    4.0625000e-01
9.9620920e-01    4.7859461e+00    2.3992490e+01    9.9812816e-01    1.4053990e+00    -3.6157579e+00    9.7704329e-01    9.7709294e-03    4.3750000e-01
9.9814234e-01    5.4166020e+00    3.0394233e+01    9.9909618e-01    1.4026771e+00    -4.2167364e+00    9.9331164e-01    9.9336222e-03    4.6875000e-01
1.0001000e+00    6.0969997e+00    3.8169740e+01    1.0000755e+00    1.3999314e+00    -4.8265410e+00    1.0000755e+00    1.0001265e-02    5.0000000e-01
1.0020634e+00    6.8273313e+00    4.7516520e+01    1.0010568e+00    1.3971884e+00    -5.4271297e+00    9.9721384e-01    9.9726482e-03    5.3125000e-01
1.0040136e+00    7.6072812e+00    5.8639435e+01    1.0020305e+00    1.3944745e+00    -5.9976597e+00    9.8469779e-01    9.8474822e-03    5.6250000e-01
1.0059317e+00    8.4360249e+00    7.1746922e+01    1.0029872e+00    1.3918156e+00    -6.5148765e+00    9.6259314e-01    9.6264254e-03    5.9375000e-01
1.0077986e+00    9.3122328e+00    8.7046688e+01    1.0039175e+00    1.3892373e+00    -6.9536395e+00    9.3106188e-01    9.3110975e-03    6.2500000e-01
1.0095960e+00    1.0234080e+01    1.0474094e+02    1.0048124e+00    1.3867641e+00    -7.2875678e+00    8.9036257e-01    8.9040842e-03    6.5625000e-01
1.0113058e+00    1.1199259e+01    1.2502130e+02    1.0056630e+00    1.3844194e+00    -7.4897925e+00    8.4084970e-01    8.4089308e-03    6.8750000e-01
1.0129109e+00    1.2205005e+01    1.4806348e+02    1.0064608e+00    1.3822256e+00    -7.5337891e+00    7.8297180e-01    7.8301226e-03    7.1875000e-01
1.0143950e+00    1.3248118e+01    1.7402202e+02    1.0071978e+00    1.3802034e+00    -7.3942663e+00    7.1726827e-01    7.1730539e-03    7.5000000e-01
1.0157429e+00    1.4324992e+01    2.0302500e+02    1.0078668e+00    1.3783718e+00    -7.0480777e+00    6.4436495e-01    6.4439834e-03    7.8125000e-01
1.0169408e+00    1.5431660e+01    2.3516916e+02    1.0084610e+00    1.3767482e+00    -6.4751268e+00    5.6496845e-01    5.6499776e-03    8.1250000e-01
1.0179763e+00    1.6563823e+01    2.7051538e+02    1.0089743e+00    1.3753477e+00    -5.6592296e+00    4.7985918e-01    4.7988410e-03    8.4375000e-01
1.0188387e+00    1.7716906e+01    3.0908487e+02    1.0094016e+00    1.3741835e+00    -4.5889030e+00    3.8988334e-01    3.8990360e-03    8.7500000e-01
1.0195190e+00    1.8886099e+01    3.5085595e+02    1.0097386e+00    1.3732666e+00    -3.2580478e+00    2.9594365e-01    2.9595904e-03    9.0625000e-01
1.0200101e+00    2.0066416e+01    3.9576188e+02    1.0099818e+00    1.3726054e+00    -1.6664973e+00    1.9898933e-01    1.9899968e-03    9.3750000e-01
1.0203068e+00    2.1252743e+01    4.4368951e+02    1.0101287e+00    1.3722062e+00    1.7959193e-01    1.0000516e-01    1.0001037e-03    9.6875000e-01
1.0204061e+00    2.2439898e+01    4.9447908e+02    1.0101778e+00    1.3720728e+00    2.2675258e+00    -6.7045941e-15    -5.3688235e-14    1.0000000e+00
1.0203068e+00    2.3622687e+01    5.4792507e+02    1.0101287e+00    1.3722062e+00    4.5780477e+00    -1.0000516e-01    -1.0001037e-03    1.0312500e+00
1.0200101e+00    2.4795963e+01    6.0377817e+02    1.0099818e+00    1.3726054e+00    7.0855087e+00    -1.9898933e-01    -1.9899968e-03    1.0625000e+00
1.0195190e+00    2.5954681e+01    6.6174834e+02    1.0097386e+00    1.3732666e+00    9.7582312e+00    -2.9594365e-01    -2.9595904e-03    1.0937500e+00
1.0188387e+00    2.7093953e+01    7.2150890e+02    1.0094016e+00    1.3741835e+00    1.2559059e+01    -3.8988334e-01    -3.8990360e-03    1.1250000e+00
1.0179763e+00    2.8209106e+01    7.8270159e+02    1.0089743e+00    1.3753477e+00    1.5446076e+01    -4.7985918e-01    -4.7988410e-03    1.1562500e+00
1.0169408e+00    2.9295725e+01    8.4494247e+02    1.0084610e+00    1.3767482e+00    1.8373478e+01    -5.6496845e-01    -5.6499776e-03    1.1875000e+00
1.0157429e+00    3.0349705e+01    9.0782855e+02    1.0078668e+00    1.3783718e+00    2.1292568e+01    -6.4436495e-01    -6.4439834e-03    1.2187500e+00
1.0143950e+00    3.1367296e+01    9.7094496e+02    1.0071978e+00    1.3802034e+00    2.4152834e+01    -7.1726827e-01    -7.1730539e-03    1.2500000e+00
1.0129109e+00    3.2345135e+01    1.0338725e+03    1.0064608e+00    1.3822256e+00    2.6903103e+01    -7.8297180e-01    -7.8301226e-03    1.2812500e+00
1.0113058e+00    3.3280285e+01    1.0961954e+03    1.0056630e+00    1.3844194e+00    2.9492702e+01    -8.4084970e-01    -8.4089308e-03    1.3125000e+00
1.0095960e+00    3.4170262e+01    1.1575090e+03    1.0048124e+00    1.3867641e+00    3.1872616e+01    -8.9036257e-01    -8.9040842e-03    1.3437500e+00
1.0077986e+00    3.5013056e+01    1.2174277e+03    1.0039175e+00    1.3892373e+00    3.3996593e+01    -9.3106188e-01    -9.3110975e-03    1.3750000e+00
1.0059317e+00    3.5807152e+01    1.2755917e+03    1.0029872e+00    1.3918156e+00    3.5822173e+01    -9.6259314e-01    -9.6264254e-03    1.4062500e+00
1.0040136e+00    3.6551537e+01    1.3316741e+03    1.0020305e+00    1.3944745e+00    3.7311603e+01    -9.8469779e-01    -9.8474822e-03    1.4375000e+00
1.0020634e+00    3.7245712e+01    1.3853865e+03    1.0010568e+00    1.3971884e+00    3.8432618e+01    -9.9721384e-01    -9.9726482e-03    1.4687500e+00
1.0001000e+00    3.7889687e+01    1.4364849e+03    1.0000755e+00    1.3999314e+00    3.9159069e+01    -1.0000755e+00    -1.0001265e-02    1.5000000e+00
9.9814234e-01    3.8483983e+01    1.4847733e+03    9.9909618e-01    1.4026771e+00    3.9471383e+01    -9.9331164e-01    -9.9336222e-03    1.5312500e+00
9.9620920e-01    3.9029614e+01    1.5301074e+03    9.9812816e-01    1.4053990e+00    3.9356842e+01    -9.7704329e-01    -9.7709294e-03    1.5625000e+00
9.9431891e-01    3.9528083e+01    1.5723966e+03    9.9718070e-01    1.4080708e+00    3.8809689e+01    -9.5148043e-01    -9.5152869e-03    1.5937500e+00
9.9248928e-01    3.9981354e+01    1.6116056e+03    9.9626278e-01    1.4106665e+00    3.7831058e+01    -9.1691790e-01    -9.1696433e-03    1.6250000e+00
9.9073738e-01    4.0391836e+01    1.6477537e+03    9.9538307e-01    1.4131610e+00    3.6428735e+01    -8.7373075e-01    -8.7377491e-03    1.6562500e+00
9.8907941e-01    4.0762352e+01    1.6809151e+03    9.9454981e-01    1.4155298e+00    3.4616783e+01    -8.2236910e-01    -8.2241060e-03    1.6875000e+00
9.8753060e-01    4.1096112e+01    1.7112159e+03    9.9377078e-01    1.4177499e+00    3.2415023e+01    -7.6335254e-01    -7.6339100e-03    1.7187500e+00
9.8610507e-01    4.1396679e+01    1.7388322e+03    9.9305321e-01    1.4197994e+00    2.9848421e+01    -6.9726425e-01    -6.9729933e-03    1.7500000e+00
9.8481570e-01    4.1667932e+01    1.7639863e+03    9.9240374e-01    1.4216583e+00    2.6946384e+01    -6.2474492e-01    -6.2477631e-03    1.7812500e+00
9.8367409e-01    4.1914030e+01    1.7869431e+03    9.9182834e-01    1.4233082e+00    2.3742013e+01    -5.4648643e-01    -5.4651386e-03    1.8125000e+00
9.8269046e-01    4.2139371e+01    1.8080050e+03    9.9133230e-01    1.4247329e+00    2.0271324e+01    -4.6322552e-01    -4.6324875e-03    1.8437500e+00
9.8187354e-01    4.2348549e+01    1.8275078e+03    9.9092014e-01    1.4259183e+00    1.6572471e+01    -3.7573736e-01    -3.7575618e-03    1.8750000e+00
9.8123057e-01    4.2546313e+01    1.8458149e+03    9.9059562e-01    1.4268526e+00    1.2684999e+01    -2.8482908e-01    -2.8484334e-03    1.9062500e+00
9.8076722e-01    4.2737521e+01    1.8633132e+03    9.9036170e-01    1.4275267e+00    8.6491511e+00    -1.9133341e-01    -1.9134298e-03    1.9375000e+00
9.8048757e-01    4.2927096e+01    1.8804074e+03    9.9022049e-01    1.4279339e+00    4.5052351e+00    -9.6102186e-02    -9.6106993e-04    1.9687500e+00

